1.000000e-03 4.433688e+00
6.102564e-03 4.342875e+00
1.120513e-02 4.121079e+00
1.630769e-02 3.691247e+00
2.141026e-02 2.923616e+00
2.651282e-02 1.656786e+00
3.161538e-02 1.947333e-01
3.671795e-02 2.395954e+00
4.182051e-02 4.123719e+00
4.692308e-02 4.161719e+00
5.202564e-02 2.110768e+00
5.712821e-02 2.244461e-01
6.223077e-02 2.505428e-01
6.733333e-02 9.412763e-01
7.243590e-02 5.593976e-01
7.753846e-02 2.397624e+00
8.264103e-02 4.814305e-01
8.774359e-02 8.242863e-01
9.284615e-02 3.082228e+00
9.794872e-02 1.390736e+00
1.030513e-01 3.239362e+00
1.081538e-01 1.379306e-01
1.132564e-01 1.059329e+00
1.183590e-01 4.866743e+00
1.234615e-01 4.378487e+00
1.285641e-01 1.135444e+00
1.336667e-01 2.640685e-02
1.387692e-01 3.807785e+00
1.438718e-01 3.094492e+00
1.489744e-01 1.458700e+00
1.540769e-01 1.616839e+00
1.591795e-01 2.947162e-01
1.642821e-01 4.411420e+00
1.693846e-01 4.984952e+00
1.744872e-01 9.541865e-07
1.795897e-01 4.962946e+00
1.846923e-01 4.042109e+00
1.897949e-01 7.335870e-01
1.948974e-01 1.534743e+00
2.000000e-01 2.745905e+00
