1.063129403517618719e-34
1.448070160230396381e-33
1.572108229244436427e-34
1.806748388786040365e-35
8.913472485820224875e-33
3.735740559489248487e-34
1.477456952306576810e-33
4.405268794740097604e-35
2.747772536647644582e-33
2.777814523328957153e-34
8.631160223731921071e-34
1.159030824860762255e-35
4.954478603903834404e-34
3.770159669688942786e-33
5.423483168845407077e-35
5.587124368479074952e-34
2.653029405734639507e-33
5.412510576820917003e-34
4.686092249657414102e-34
1.119886216190582606e-33
3.157939296056574086e-33
1.298900551603375328e-33
1.047621652381036257e-33
2.081798035916439641e-34
3.452857248566523987e-34
2.052686822967554124e-35
7.137503802993451018e-35
1.179102290503532882e-33
6.241034268299934633e-35
8.485889455376068057e-34
5.089002279602285382e-35
2.499252541907372520e-33
2.229513685809000168e-33
4.118133518468027964e-34
1.260514007360227806e-33
5.488602947981067001e-34
2.514670582219908705e-33
1.396301805475200544e-33
2.749119182829309715e-34
1.628905074028804565e-33
2.381173191213159905e-34
1.356432077637030842e-33
3.529866646573785586e-34
2.221116157194945846e-33
4.667189380671485036e-35
4.861599193070786749e-34
4.320091237905032673e-34
2.127640281724641764e-34
6.866613363901861712e-34
2.521333483119232656e-33
1.070989389174358472e-33
9.911339701285451772e-34
2.656408944612473365e-34
8.617957215652569815e-35
3.127722837273720677e-33
1.262978706074601482e-33
2.499467703366447781e-34
9.100353416004395825e-34
9.946046691041552097e-35
1.232889057274934206e-34
1.465526575996537511e-33
3.222743744149728801e-34
3.019295325706210698e-34
2.211612706138166920e-34
1.841008609046719719e-33
4.919449051176383768e-37
2.956012186882472128e-33
2.756551639324821549e-34
3.759694832357024762e-34
8.338281770927449005e-34
4.746700870860002212e-33
1.289111711202214974e-33
4.768822109467880362e-34
3.666022929967627665e-34
2.520808281639424916e-34
7.644683387287818658e-34
1.138779460102227414e-33
1.043726060141275051e-34
2.102360062676168111e-34
1.171018821406144073e-34
7.039875485768436165e-34
1.525152949201761611e-33
8.078909029293957217e-33
2.497644586663663188e-33
7.987896271463284590e-34
5.513816249133415177e-33
1.032109769969017910e-33
9.207025154068812469e-35
2.978270745518440715e-33
9.457281215418344788e-34
1.482566575179892456e-33
1.601751312140447720e-33
4.205123687945717505e-33
1.460602358394985785e-34
2.254580126519577998e-33
2.359698014200063151e-33
4.157494920709947038e-34
8.900284017970318596e-33
4.897823267193323703e-33
5.697387095434552007e-34
4.388802773645257884e-34
6.493336314903495428e-33
2.787393264336500661e-33
2.989495167398834617e-33
5.331875541499636941e-33
1.873545519900124001e-35
1.422191965998390311e-33
3.207558635885906631e-34
1.391295428399760087e-34
4.608494233926092284e-33
4.232393073553933885e-33
2.835570788125343613e-33
1.325051248734329796e-33
1.365501103761168418e-32
3.207654092447465233e-34
2.941540313268828536e-34
2.103850022788604915e-33
1.676471011122038757e-33
4.990523485651650498e-33
8.362247550350070020e-35
2.354511077989530102e-33
4.215693052587006265e-36
3.828281382983494064e-34
4.387814136888952727e-33
1.217398624644168799e-33
6.409587734827198633e-33
7.882726472706193628e-34
1.561549628001967589e-33
2.626719011677913717e-33
6.900075441424816482e-33
6.176127367462956479e-33
1.802783830711371670e-33
1.274630012007896375e-33
6.898170446003821526e-34
1.481996258303195704e-33
9.264992123216947429e-37
3.270023206155546349e-35
2.885039381320847898e-34
1.697708384945589248e-33
3.741702996210329636e-33
3.337555318929149585e-33
1.452073508265048244e-32
1.502160462762252260e-33
7.235941137434698242e-34
3.691238718084710029e-34
2.406506860823794433e-34
2.998283469854810194e-33
2.293694295156656649e-33
1.233401543738664201e-33
1.241878268657605928e-33
2.173046787757517220e-33
1.814680943985618868e-33
1.573709824128099370e-33
3.998985803257271294e-33
1.663286568968535217e-33
2.551589485181280774e-34
4.383823336586916231e-33
1.490191598713085466e-33
3.907265731867519193e-33
7.821949656675131068e-33
1.525857764266863399e-33
1.547036388337966984e-34
4.551881985899839582e-34
1.143836059486325988e-33
4.694976083528127764e-34
1.044375108391902868e-33
1.885924914927415126e-33
2.982743108454254482e-36
1.304690931495485361e-33
2.452204552936768525e-33
1.357045588815929875e-33
4.141959822507733125e-33
2.402114157713489387e-34
2.088251278620121678e-34
1.303911156824216402e-33
7.976362985942663170e-33
2.579138941908566537e-34
5.750497596726150084e-35
7.801826412784355214e-34
2.722429821840444919e-36
1.860061377136072282e-34
8.591743058058993231e-34
6.221364670161525639e-34
2.255900659387056686e-34
1.342533885031216822e-34
5.584427458964545900e-34
2.186265663539250153e-33
1.124100779570357999e-32
2.576564308083385918e-33
1.048070878491827110e-34
8.818396045179413997e-34
1.320230730832439566e-33
2.782963203377723179e-33
2.152073641817041668e-33
9.714765713857326097e-34
6.713886627302492852e-35
9.974814438883570538e-34
2.689480628742344687e-33
7.962121997539353831e-34
3.553763680934249427e-33
1.285987153591439732e-33
2.014841636475522827e-34
6.527489762194537035e-33
1.828201305611911438e-33
1.665316059249515611e-33
5.217739201490585550e-34
3.960037785804108162e-34
4.747712492747378732e-35
9.573842382781689705e-34
2.093522619359245546e-33
2.250615240585418499e-34
1.210461271909111988e-35
2.238109936134729003e-33
1.054662913268067872e-33
5.194442328577651723e-33
1.984302678922292205e-33
6.262081694857231893e-33
1.881915089791395572e-34
2.347591399373143265e-33
1.478764739292702376e-34
1.427932507781848770e-33
5.048607991337740549e-34
3.676010257337303262e-34
1.268702483490056225e-33
1.478441506030351536e-33
3.994408500219775888e-34
1.520905548095355411e-33
2.942481680879223059e-36
1.257216857709752448e-33
3.944708129652178466e-34
2.302444953324760283e-33
2.378576257818373248e-34
8.124139627332639058e-35
6.837639799098523033e-34
1.256329825959855592e-33
1.028037214189795318e-33
7.132267567641851604e-34
6.437626504725987550e-35
1.172555157123286814e-34
1.115151072152648746e-33
2.798237141800250795e-34
4.030785903126311013e-35
1.741970912625397724e-33
4.445638615737990396e-35
2.593484234999289380e-34
1.080812836170306239e-33
8.698697593664532845e-34
1.445142936476938529e-34
1.353683092451005113e-33
3.029490344406161657e-34
4.861596480414524529e-34
8.339449969776104102e-34
6.911117199097966115e-34
3.801116005639076045e-34
9.817991801321609031e-35
3.236918393241375827e-34
3.011671653180683368e-35
7.380855199554958470e-34
1.315097082887067808e-34
1.793223373951521036e-33
7.747048975835717033e-34
1.532167824196785142e-33
1.306289854537383508e-33
4.843905471155120604e-34
3.391836023189818406e-33
9.084746379606041736e-34
1.957631382863146299e-33
7.196722663727784260e-34
2.164719980456910594e-34
6.446973136893944701e-34
3.492630442344419621e-34
1.889099577605409440e-33
1.219130041846564871e-33
4.487968622773371609e-35
1.219631732558001097e-33
4.138955765759870961e-34
2.855475891691855282e-33
2.936702708100513321e-34
1.774592938829713413e-33
3.728110731990552693e-34
3.270874143631408879e-33
7.209941144714957603e-34
4.575084798273140654e-34
1.714375987232962715e-34
5.451774035940512472e-34
2.007101666608285384e-34
4.018069234189110706e-34
8.233738277353032466e-34
2.084644296634319212e-33
1.599067613633695068e-33
1.124357223478527594e-33
7.103312612495911459e-35
1.108769117643995128e-32
6.630901720678292692e-34
4.252306015148965263e-33
4.939067555561898514e-34
3.260636305162720068e-33
1.554622979128823049e-33
1.263751548991452771e-33
1.295572818922398972e-33
5.094965814841153472e-34
6.628015334361120790e-33
6.612149474883346773e-34
1.821416171405668094e-34
4.321291590031616915e-33
1.732019393143852311e-33
2.524690569561677147e-33
4.654871171248046673e-33
4.258186033973001848e-33
9.842665403998027335e-34
1.181629696283423859e-33
5.050391727330998288e-33
1.358638815893874672e-33
6.170569399440658019e-33
2.450220183507634683e-33
2.234242366034541213e-34
1.893257220913616165e-34
1.654685566872066882e-33
1.265953738108515689e-33
8.067842532076132298e-34
6.837112283888682085e-33
2.157188386531798026e-33
4.252857599848559054e-33
4.020105511355816808e-33
2.270715414009265761e-33
1.034862134811162103e-33
2.521945394029831257e-33
2.609728158323231722e-33
6.127773299272134810e-33
3.348967833309745223e-33
7.333719251763251291e-33
1.754977684260570734e-33
1.781050603116995317e-32
6.622480459236455778e-33
1.950481743642975105e-31
5.774161217099020467e-32
1.552105404277197706e-30
5.335424598312166537e-31
1.447574660753074362e-29
4.809072080063290126e-30
1.326110698236076720e-28
4.306068688304237707e-29
1.205926840563494936e-27
3.842798777004358563e-28
1.087609634949009239e-26
3.450739183921625915e-27
9.779447023062194152e-26
3.105524317184398231e-26
8.801094822179499915e-25
2.794240530824311563e-25
7.920172571841540685e-24
2.514840560338292988e-24
7.127818660019938957e-23
2.263461517997887459e-23
6.415008129467504967e-22
2.037125777493996020e-22
5.773514299865233416e-21
1.833410086184069816e-21
5.196175039131887478e-20
1.650065006732374896e-20
4.676558607340725982e-19
1.485057677804078883e-19
4.208902539571380307e-18
1.336551999349811070e-18
3.788012414786109886e-17
1.202896717774410425e-17
3.409211139037421102e-16
1.082607045815330461e-16
3.068290003171530869e-15
9.743463469289209238e-16
2.761460995712772439e-14
8.769117144095519414e-15
2.485314896410738155e-13
7.892205435898008076e-14
2.236783407281797383e-12
7.102984889748401594e-13
2.013105066583624672e-11
6.392686400767983721e-12
1.811794559964534995e-10
5.753417760621698785e-11
1.630615103982891389e-09
5.178075984530459582e-10
1.467553593585829062e-08
4.660268386076488526e-09
1.320798234226474661e-07
4.194241547468774822e-08
1.188718410803182709e-06
3.774817392724255136e-07
1.069846569722803367e-05
3.397335653452391099e-06
9.628619127505095286e-05
3.057602088107252617e-05
8.665757214754562718e-04
2.751841879296539756e-04
7.799181493279108181e-03
2.476657691366841545e-03
7.019263343951201439e-02
2.228991922230176906e-02
6.317337009556096561e-01
2.006092730007149605e-01
5.161368649421733262e-02
1.024962314809632798e-02
1.495399863988985077e-03
2.181758998264649171e-04
3.183143479638800830e-05
4.644143748243948047e-06
6.775714413230937673e-07
9.885634101432260064e-08
1.442294577777662034e-08
2.104279429861373877e-09
3.070102312744121978e-10
4.479218908315629717e-11
6.535092314146773921e-12
9.534571190162671484e-13
1.391075188886450243e-13
2.029551351532269783e-14
2.961075508993228898e-15
4.320150976036331130e-16
6.303015269256031372e-17
9.195975129712793942e-18
1.341674806256825011e-18
1.957477089856533665e-19
2.855919399429538746e-20
4.166730718812782694e-21
6.079159994417510238e-22
8.869348213895278029e-23
1.294017586136334295e-23
1.887995505786092350e-24
2.754513736809215384e-25
4.018495411180380867e-26
5.862796288286195620e-27
8.549358571685419268e-28
1.264210769108489794e-28
1.905581140628044375e-29
2.847086267505498840e-30
4.705183957083963456e-31
8.805307632151396358e-32
9.736454929679929364e-33
3.556632223743629661e-33
5.861096671087369441e-33
1.021539562903996992e-33
2.107918343009914839e-34
4.378502632279143114e-33
7.016199624866365490e-33
4.222033438454797170e-33
6.121682198461329022e-34
1.472020629014494958e-33
7.198435561898870570e-34
1.112949102198230822e-33
1.584999543308542614e-32
1.070921272884434563e-32
6.860113964514674211e-33
3.402869083430797888e-33
7.423190800184594107e-35
3.375193493081280499e-33
5.869530217130083394e-33
8.672698718897056689e-34
1.930310443322679386e-33
6.211091031170338575e-33
5.857948165078298751e-33
2.997229050668967647e-33
2.626969954481165577e-33
1.730651458036867654e-33
3.686412569595004376e-33
3.607095302931654286e-33
2.148209984576102837e-33
3.393522961012316231e-33
4.817843977900532019e-33
9.373611969938679203e-34
3.338125958345684959e-33
4.059192746937237967e-34
1.765589498293774256e-33
2.823960135013025887e-33
3.040866428787280534e-33
9.490828369965049992e-34
7.107343364890932100e-34
3.339163476266411932e-34
1.080354147733802477e-33
1.257437045272713856e-33
2.687954276177299681e-33
8.046046012323895122e-34
1.055639150035580784e-32
9.011846816178651732e-33
3.714316877020083493e-33
1.310960434995662695e-33
2.524755854670404943e-33
1.002666020258771621e-33
1.260363914341573127e-33
3.027547406677650785e-34
1.206430943799862456e-33
3.914741544809984088e-34
5.071691409545517507e-34
9.937097864773032456e-35
9.192757082680848790e-34
1.614245082245975989e-35
5.258135304016709722e-34
3.048687885328652069e-33
9.620020086282980523e-34
3.980272693839617061e-33
2.996789284436726348e-33
1.207370589411173406e-33
8.885646648145005529e-34
8.752095251431735920e-34
5.008820164103831784e-33
5.212317660302144346e-33
1.672483174098265952e-34
5.662190080229828733e-34
1.722814058480177262e-33
3.562970461239632999e-33
1.822724294526618934e-33
1.161027102771322961e-33
8.961615493373056452e-35
1.364788859185570576e-33
1.947201657675220783e-33
1.186647217406312746e-33
9.717814838547096141e-34
1.466839688186057240e-33
1.049637065961937942e-33
4.917142640185019616e-34
8.354878457933548204e-34
1.986189385048930422e-33
1.084399617189859844e-33
2.443490752044320686e-33
5.630478375426643997e-34
1.725429162466633594e-33
1.230421225908179072e-33
3.053493869297699574e-33
1.675958547523078433e-33
3.015580895282959907e-33
5.139863738226930286e-33
1.826015895325537710e-33
3.141525051253968040e-33
3.523660410545302378e-33
5.412679678876154929e-34
9.305090853034691663e-34
2.000801466443968448e-33
6.023845997700625929e-34
5.703926615212503377e-34
1.876639010894984153e-33
7.460386983953597122e-34
8.051265829209391191e-34
8.786318784068484060e-34
5.304930795152915671e-34
5.751959744234838127e-34
4.466772381087054666e-34
4.654874044811775394e-34
7.999135725913759373e-34
6.334473196457250587e-34
6.318500591564816378e-35
1.200004057093289903e-33
1.100659853674165782e-34
6.043143131822355976e-34
1.087808919068995057e-34
6.669721919894251924e-34
4.073550401011524173e-34
4.876719636806679647e-36
5.800473268387256154e-34
1.343858423669445581e-34
1.918518949766574213e-34
2.445235827748505019e-35
3.399500567170700485e-34
1.219062441756777985e-33
2.862345450982410728e-34
8.434654596918418080e-34
6.991756094639843879e-34
1.337937407492597702e-34
2.739478847761443924e-34
1.026402969438543477e-33
1.893492594290586768e-35
4.097859125749983821e-34
1.314119562551185498e-33
8.778220346203585040e-34
1.289061202725514215e-33
4.123345283314421298e-34
2.485364317509520052e-35
1.145720292457021252e-33
2.688070517677568206e-35
3.811162121103287264e-34
3.148982530598233768e-34
3.830136369719297446e-34
3.940919759971981578e-34
2.389820147029584914e-34
7.495295652217707999e-35
1.482802514491091412e-33
2.486900467481925837e-34
1.175593231129734201e-34
5.873220972746292400e-35
1.955065635745240240e-34
3.489413733823778596e-34
3.848181867010620745e-34
7.242179102656423710e-35
8.171540916568897556e-35
4.592309435370833530e-34
1.288745293228471883e-34
7.290753950075729195e-34
2.926761984933834045e-34
3.723914628506652954e-34
1.543261387315673036e-34
6.283337773463280900e-34
1.795533256452657239e-34
3.166784302210092621e-34
1.889943033896780214e-34
2.285380970520047572e-34
1.029302996104229011e-34
2.723024650849038279e-35
5.512681287441452366e-35
5.202220500945341264e-35
8.565123616813123847e-35
4.607617662299068935e-35
4.319323128084760014e-35
1.659981360328608555e-34
2.982411829470806622e-34
1.194528290762017491e-34
8.924258668404542438e-35
3.816336613222931736e-34
2.617823275273781143e-34
8.779221137147840725e-35
8.043046605788042239e-34
3.685927928721144458e-34
3.838232444789744654e-34
3.370587549884416581e-34
7.197130497954230407e-35
5.821077174427766191e-34
3.132158481191162099e-34
9.032335222627384391e-35
5.825765809671117284e-35
6.338526483956511574e-35
1.118641113776401908e-34
1.392821125973330912e-35
6.031988352263212528e-35
2.518039441599383982e-35
6.306563318783056412e-35
1.231342037965312044e-34
3.212253182719518045e-35
1.839702167248912520e-34
3.126216527792823182e-34
1.133646585131743962e-34
1.319448186418886416e-36
8.426430493292047240e-35
1.421616869127149294e-34
1.369486626564799567e-34
7.541514782966577855e-35
2.060211688660702067e-35
6.985408761308279144e-35
1.379594980539472401e-34
1.010819168781225328e-34
2.550740281378841481e-35
2.139871247199172634e-35
6.438112003223388675e-35
8.625453054900353219e-35
9.416094539171110351e-35
1.282991898995245009e-34
1.837516527670957875e-34
2.191321862900420806e-34
2.087884812882656780e-34
1.622644310333207319e-34
1.056493033712285322e-34
5.892663091828303893e-35
2.864789623592434054e-35
1.230462592189169327e-35
4.719142967794057734e-36
1.630031187374940685e-36
5.106369540155646514e-37
1.459309192960035126e-37
3.823335092555233891e-38
9.222079976231998494e-39
2.055374089048410853e-39
4.246308463849090590e-40
8.154718006451639231e-41
1.459364344384244312e-41
2.439163080925437726e-42
3.815108366179793322e-43
5.594278799866447242e-44
7.703034119172494413e-45
9.974835211131349119e-46
1.216370167492140462e-46
1.398564663677573383e-47
1.517933418510037657e-48
1.556806386146036480e-49
1.510248681587379865e-50
1.387018326772361483e-51
1.206968081053587515e-52
9.959662964941943858e-54
7.792011077404721273e-55
5.800367064903283769e-56
4.045306864961586470e-57
2.709723342834567309e-58
1.458775021335117728e-59
8.122860610121789098e-61
3.013245579860482724e-61
4.250791240274573121e-61
3.630434845816496278e-61
3.423450530805790582e-61
3.537006829202028440e-61
1.996443244212207320e-61
2.792860129683960531e-61
3.874571463199779749e-61
3.951675473083979435e-61
2.858379541748298557e-61
3.320505085014755078e-61
1.244892670388474361e-61
4.652828195422301386e-62
1.675018150352028499e-62
4.922502319401879671e-62
3.418404388473527549e-64
9.119543263027710717e-62
7.444525112675682218e-63
3.722642379047671501e-61
9.686428657449570702e-62
5.777103416520261558e-62
4.719534558836263972e-62
1.483682460274968554e-61
3.194308989673596299e-62
1.705024144428629463e-61
6.077163357286271198e-62
2.373891936439949687e-62
3.418404388473527549e-64
2.553927900899555471e-61
3.008575684566534635e-61
2.712029103866456120e-61
1.604750949033405988e-61
1.928193725373349133e-63
6.700072601408113996e-62
3.889384548663213567e-62
1.371159982487714939e-62
1.838341915579097038e-62
5.199772897578065794e-62
1.519290839321567800e-64
1.861131278168920555e-61
2.136502742795954718e-63
1.838341915579097038e-62
1.413320303278888446e-61
1.255788834376733384e-61
2.187778808623057631e-62
1.034067327513242084e-62
1.367361755389411020e-63
1.141143206988826289e-61
1.555753819465285427e-61
2.251968846584393871e-61
1.367361755389411020e-61
1.212489045456068702e-61
1.519290839321567800e-62
3.008575684566534635e-61
9.976280862888888559e-62
7.691409874065436985e-62
9.495567745759798747e-64
8.037048540011093660e-62
5.469447021557644079e-63
1.604750949033405988e-61
5.484639929950859757e-62
8.212716543307649937e-62
6.077163357286271198e-62
1.914686280255005819e-61
5.234965845535788048e-62
2.310841366608104623e-61
5.484639929950859757e-62
1.495575658876532702e-61
3.058106939820354185e-62
7.353367662316388150e-62
4.068755823380616165e-61
3.889384548663213567e-62
1.056880429022430000e-61
1.230625579850469918e-62
4.136269310052968334e-62
1.519290839321567800e-62
8.614913184638988412e-62
3.418404388473527549e-62
7.985772474183990747e-63
4.652828195422301386e-62
1.097687631409832735e-62
1.838341915579097038e-62
2.567601518453449581e-62
1.371159982487714939e-62
2.430865342914508479e-63
3.418404388473527549e-64
9.723461371658033917e-63
9.495567745759798747e-64
2.924872254887662009e-62
2.859367674266522148e-62
6.174492926680309136e-63
3.076563949626174794e-63
8.546010971183818873e-65
4.652828195422301386e-64
7.063812193369125287e-64
4.136269310052968334e-62
2.136502742795954718e-63
1.367361755389411020e-63
8.546010971183818873e-65
1.519290839321567800e-64
1.519290839321567800e-64
4.652828195422301386e-64
5.469447021557644079e-63
1.861131278168920555e-63
1.367361755389411020e-63
6.077163357286271198e-64
1.519290839321567800e-64
3.418404388473527549e-64
1.425818844324244781e-64
3.798227098303919499e-63
0.000000000000000000e+00
