1.653232722898959687e-33
6.104928583937408081e-34
2.729644422621884443e-34
9.092514436921229695e-36
1.843231596179823846e-36
3.682069813385803518e-33
9.441973463052541506e-35
1.029211211695688991e-33
2.245702489954651674e-35
2.755299603183533294e-33
4.580677338963197524e-35
1.742365018835608648e-36
5.673192626743939420e-35
2.991693543240750661e-33
2.815332993251747789e-34
1.390562284354587925e-35
1.857413801265444060e-34
9.769335954540602560e-34
2.367703771365310854e-34
8.428155508151643451e-34
1.595746943884379433e-33
6.524354509155025833e-35
2.043486786528525975e-33
5.400574836466033515e-34
1.052039808120423026e-34
2.121930852166340672e-33
1.995718290955525538e-34
1.485621487472352906e-33
9.641204682226106693e-34
1.232126895048966076e-33
2.179087318340281577e-33
4.660015022874354420e-33
2.655018895093566358e-32
6.842606445965888137e-33
1.637767182544577430e-31
5.523548937839690109e-32
1.670940013591585746e-30
5.224805863392942291e-31
1.494360038698153428e-29
4.781000130510560123e-30
1.342856392452465091e-28
4.260781585515761436e-29
1.206150751427166927e-27
3.827514755612245711e-28
1.086261148247829592e-26
3.449867247316389907e-27
9.779323501639369488e-26
3.105231584854063380e-26
8.799287603602612102e-25
2.794484200618565246e-25
7.919771134316687279e-24
2.514898596311071115e-24
7.127812221966293618e-23
2.263463637819842464e-23
6.415041150919180630e-22
2.037120964500176977e-22
5.773529987520025615e-21
1.833403610207913508e-21
5.196174828998827322e-20
1.650063827295316866e-20
4.676558571629861397e-19
1.485057738873666416e-19
4.208902638617868213e-18
1.336551960089232842e-18
3.788012322716347886e-17
1.202896723292927255e-17
3.409211100763068341e-16
1.082607052674541976e-16
3.068289999081808512e-15
9.743463498294538067e-16
2.761460997398881213e-14
8.769117149716055545e-15
2.485314896903995082e-13
7.892205432605615678e-14
2.236783407335053597e-12
7.102984889535357148e-13
2.013105066640736323e-11
6.392686400745762936e-12
1.811794559984954465e-10
5.753417760580666749e-11
1.630615103980238414e-09
5.178075984526822056e-10
1.467553593584131522e-08
4.660268386081102539e-09
1.320798234225841504e-07
4.194241547472524267e-08
1.188718410803162380e-06
3.774817392724917410e-07
1.069846569722785918e-05
3.397335653452291573e-06
9.628619127504928590e-05
3.057602088107239742e-05
8.665757214754560549e-04
2.751841879296543550e-04
7.799181493279105579e-03
2.476657691366840677e-03
7.019263343951209766e-02
2.228991922230155048e-02
6.317337009556096561e-01
2.006092730007151825e-01
5.161368649421707588e-02
1.024962314809607644e-02
1.495399863988887065e-03
2.181758998264702839e-04
3.183143479638964816e-05
4.644143748244314813e-06
6.775714413229755003e-07
9.885634101439933653e-08
1.442294577780109827e-08
2.104279429879739768e-09
3.070102312764632438e-10
4.479218908517386177e-11
6.535092314424297863e-12
9.534571190724394974e-13
1.391075188851444256e-13
2.029551349518072496e-14
2.961075508565080953e-15
4.320150947258893369e-16
6.303015262328778755e-17
9.195975415032286329e-18
1.341674778750839531e-18
1.957477015955205562e-19
2.855920310567412941e-20
4.166731818783387915e-21
6.079170258546734693e-22
8.869400310477514742e-23
1.294044404831937821e-23
1.887971185207620243e-24
2.754232693809127219e-25
4.019629873436752092e-26
5.865013171584162247e-27
8.545434038583535003e-28
1.246634379873062973e-28
1.826240624715459540e-29
2.688411657154375154e-30
4.038767216020409495e-31
5.320609683902601834e-32
5.659421048181473956e-33
8.509968302512208650e-34
6.191370566439761478e-34
6.346965412715401135e-34
7.066820234471108054e-35
1.194591307845112467e-34
1.071888365386556534e-34
1.612093114858734158e-34
1.104846968640929695e-33
1.653584385442652545e-35
3.384289886141631021e-34
5.168379344363917786e-35
2.781602590103680011e-34
4.013778171851209729e-35
4.277806616962919493e-34
5.269501911156799351e-35
2.760335693913191278e-34
2.569862593105502090e-34
1.146292974420888029e-35
3.334204567205658032e-35
3.283196415247407242e-35
6.536419351247275255e-36
2.069409335614111123e-36
1.849018172103447149e-36
2.129257928528936369e-36
2.127724371329040854e-36
1.301138668939872999e-36
5.040398124351853698e-37
1.335830585646384837e-37
2.541270363231162621e-38
3.785927870461315169e-39
4.141939441241873556e-40
3.616785641893438225e-41
8.028214627575679054e-43
5.016992633148986107e-44
1.157145209229672232e-44
7.174688021225594515e-43
7.008491443584086849e-44
1.121523456296774520e-44
2.802597464484633553e-45
1.997797551302620218e-49
6.117025063927065097e-51
2.802861377567173436e-45
2.119541703546649562e-44
6.308514319038683571e-45
7.007714213280320884e-46
7.026510831420552903e-46
1.095869272322135971e-45
5.512117835072883444e-51
1.094764444497687588e-45
4.603628254654047603e-48
3.998915514076281817e-46
1.095368451497727577e-45
1.207030285120587321e-45
1.753199100986636098e-46
1.614408651151740437e-47
1.753618910078292278e-46
3.547615704086012082e-48
2.507092501410605051e-47
1.571335516380291943e-48
3.039850185617970156e-48
1.494182747533031884e-48
6.950064518597831074e-49
