1.841365881839681550e-33
8.543719339170221907e-32
4.318487719075162460e-34
4.925690770009070849e-33
5.812204599828610754e-33
1.093814716471301440e-32
6.212754390491237377e-36
3.534656399110952814e-33
3.828853388946235741e-33
5.275983571082006007e-32
1.519377431515449664e-33
3.176043404125568947e-32
1.080619742417028010e-34
1.180321810721976433e-31
1.745148500151169019e-33
2.462730156734960814e-32
1.857540352684679529e-33
2.771080602793620369e-32
3.554123648380662886e-35
4.295286855320549357e-32
1.729131082544772222e-34
7.983218499342457392e-32
1.191065680587970248e-33
8.186073729708642341e-32
3.247579599792547775e-33
2.752790147910881571e-31
2.244938927901338134e-34
1.878155820940078084e-31
1.268158803187688322e-33
2.382338721793742448e-33
3.301881260392722266e-33
3.484808633035320079e-31
2.887265563006801130e-35
3.105685962963375601e-31
1.155127506589100343e-33
1.079571840163486295e-31
3.012134301518754282e-34
1.330539563761106137e-31
1.712946966026132375e-33
5.746877044227293750e-32
2.757840390831988556e-33
8.861165920619855683e-36
4.584410203316075920e-34
3.809572309919919854e-32
8.011617096250932919e-34
1.015714157167951733e-31
1.189102906058084442e-33
4.225548344510488237e-32
1.586909831106251717e-33
9.098920455370982707e-33
2.323522461981491243e-36
4.408486506080378718e-34
3.201947274824529535e-34
8.645320192069830107e-32
6.014009297621873292e-34
5.187949454892203029e-32
2.570608677361268729e-33
7.054649950586626503e-33
6.117530875663488433e-35
4.344020424661676766e-32
2.243162675784810239e-33
8.465014132442646125e-32
6.063966148145275499e-34
2.006217098787656922e-32
2.839336880232190529e-36
3.696159339934897718e-32
7.541494845070141731e-36
6.463641844306772303e-32
1.010007065337563232e-35
6.809486869182853282e-32
2.165937074548718891e-35
6.372539001602836144e-32
2.647502644635425509e-33
1.857469524076047170e-34
5.558917864414465488e-34
3.171495098485913391e-34
1.632745194076019046e-34
2.729619872799158294e-32
2.047698760046365589e-33
1.685982864214094856e-33
3.670410649720858022e-35
5.758165053317426471e-35
1.785389078259663656e-34
3.730650524007364389e-33
4.680225386447512160e-35
8.547532688974090071e-33
1.126303237372004379e-36
8.590807896368597283e-35
4.348349749226566982e-34
1.216034004246334894e-32
1.261811690985895953e-33
2.644732271216742998e-33
5.346675520675868711e-34
8.125617358395619439e-33
4.806747717858169873e-34
1.876579433810050799e-33
7.414915715691541166e-34
5.826599370172280905e-34
2.759694135363354990e-34
9.208137106543975127e-34
4.628520757175441398e-35
1.257224498729142337e-32
9.397755618714408078e-34
1.569577603071866960e-32
5.892805870377569130e-34
2.287328012435695435e-34
1.045873292601664590e-34
2.786910872922304882e-33
9.866534430241775682e-34
4.868569098297561659e-33
3.071931212928699428e-35
8.129273754139145786e-34
2.452671095262775253e-35
1.136758870305994043e-34
7.040109105405610197e-34
1.363088805843971960e-33
2.854812783106372339e-34
1.176273572153984794e-34
2.673568079306105591e-34
1.470301525858863396e-34
6.996385082197923333e-34
1.763934598757752807e-34
1.566500969962862485e-35
1.749701051973203035e-33
8.870107317862180132e-34
3.999965461958321950e-33
2.585222178707439886e-35
4.882438118985691549e-33
3.533338100852058342e-34
4.347070341058157664e-33
1.095860294077385867e-35
5.260946685035971766e-34
8.454349919678049044e-35
2.595939534353883883e-33
1.167392438333648355e-34
1.960620857959089673e-32
4.173267034094730239e-36
3.763809415491171072e-32
8.289172977819549393e-36
5.020823233118893688e-32
2.530369015269556564e-35
4.135006053878861601e-33
1.869262090308631635e-34
1.122898742540732528e-32
3.548268243450871343e-35
8.262637294871503594e-34
9.811238257221620293e-34
3.153205657654105284e-35
1.161728596217850742e-33
6.783828949281723729e-33
3.371344119899014171e-35
4.307185716575860472e-35
1.552249119053075502e-33
2.997224163177479204e-32
5.058101755464402616e-34
2.386310630577656495e-34
1.309687959133708360e-34
5.938514632289136313e-32
7.701462405725136294e-35
7.821418014795883499e-33
3.396731353496769763e-33
3.830385629424813718e-32
6.968422513028835325e-33
2.910739574746412262e-32
2.014676354101930927e-33
8.497894607622273827e-33
2.514208635101100831e-33
5.184707219175265591e-32
3.051821046271118552e-33
2.084186485273568400e-32
1.828386893131985210e-33
3.838226479382729598e-32
5.705463686409796965e-34
3.961133793992570717e-32
5.874589620233920854e-34
2.641891744341410349e-32
2.029280111997916489e-33
4.410150265295356907e-32
1.127344677795219162e-33
1.544801304287638633e-31
6.588287822394183082e-34
1.860893509650460755e-30
3.552284097555729475e-34
1.228120691011190273e-29
9.370398529892348168e-34
9.343797412339998158e-29
1.057472663194136032e-33
8.618816371550710750e-28
3.566477838962259113e-33
7.683066711664650580e-27
3.164057114058534761e-33
6.926692838255563754e-26
1.512214557482046659e-33
6.230997595898283040e-25
3.996537920432790415e-33
5.606936988114344619e-24
2.909430704767016207e-33
5.045602540910211459e-23
5.119034759647646197e-34
4.541194048046804198e-22
3.082172485150922469e-34
4.087093606202590816e-21
2.061470593038316840e-33
3.678382638947735283e-20
1.901837782428101603e-33
3.310540235406467994e-19
4.612376123527473617e-35
2.979486608165379331e-18
3.163567901055494438e-33
2.681537955673900226e-17
2.340177673199663600e-33
2.413384178538636572e-16
1.745309913334816098e-33
2.172045798407350012e-15
3.355520417548376309e-33
1.954841220875275694e-14
7.537332128182079007e-34
1.759357099438882688e-13
3.756948409831514994e-34
1.583421389596780195e-12
1.932650440903907335e-33
1.425079250182968266e-11
3.442163702874171745e-34
1.282571325070309324e-10
1.654797335510029424e-33
1.154314192547766920e-09
1.746400301365888955e-33
1.038882773308307793e-08
6.734046795076933440e-34
9.349944959806944652e-08
2.729635082764703592e-33
8.414950463818857972e-07
2.934377734147809131e-33
7.573455417434427899e-06
1.368004545215579224e-34
6.816109875691398292e-05
3.526806554968325649e-33
6.134498888121927510e-04
8.051064672801715928e-33
5.521048999309757961e-03
3.810398505187648733e-32
1.242236024844701678e-02
3.360284314052219508e-32
1.242236024844696994e-02
4.704150917083629879e-32
1.242236024844693351e-02
2.184257278238575173e-32
1.242236024844697168e-02
1.863035103208272525e-32
1.242236024844700984e-02
2.595445248181262758e-32
1.242236024844701678e-02
9.014141282192221277e-32
1.242236024844705147e-02
1.744820948028983245e-31
1.242236024844705841e-02
2.091451932530654492e-31
1.242236024844700637e-02
2.184241819815419015e-31
1.242236024844703760e-02
3.550815903534913232e-31
1.242236024844715556e-02
5.064702573253211415e-31
1.242236024844717290e-02
3.942750853636890012e-31
1.242236024844708270e-02
3.297348671481777302e-31
1.242236024844703760e-02
2.907210900799300952e-31
1.242236024844711045e-02
1.900515021643056643e-31
1.242236024844712780e-02
3.646018803791589963e-31
1.242236024844707749e-02
4.161400320256772624e-31
1.242236024844707576e-02
6.222821709576202997e-31
1.242236024844711739e-02
5.809206198531947588e-31
1.242236024844710351e-02
5.228892890010586997e-31
1.242236024844703413e-02
4.316753579281501936e-31
1.242236024844704800e-02
2.736691225814361074e-31
1.242236024844710698e-02
2.759274782565971004e-31
1.242236024844718331e-02
3.371000846242272216e-31
1.242236024844722495e-02
3.072595495677322997e-31
1.242236024844720066e-02
3.211665937391509859e-31
1.242236024844721107e-02
2.264002655445359939e-31
1.242236024844713474e-02
2.508134173016833838e-31
1.242236024844710351e-02
2.773880843365195146e-31
1.242236024844712086e-02
4.065136506166663478e-31
1.242236024844715556e-02
5.571473888338727267e-31
1.242236024844712954e-02
5.304695068236062771e-31
1.242236024844716596e-02
4.911699909591871259e-31
1.242236024844717637e-02
6.531509851125132233e-31
1.242236024844712433e-02
7.335063082918557621e-31
1.242236024844716596e-02
6.280976814946978457e-31
1.242236024844718331e-02
6.828671371445009470e-31
1.242236024844722841e-02
5.986697626559099670e-31
1.242236024844723882e-02
6.510041805618822231e-31
1.242236024844724923e-02
5.670583093467411495e-31
1.242236024844725444e-02
5.080697625144857343e-31
1.242236024844731168e-02
4.378656574951441838e-31
1.242236024844732035e-02
5.654013017748142305e-31
1.242236024844726658e-02
7.006905494953383733e-31
1.242236024844733770e-02
4.152095458408212605e-31
1.242236024844726311e-02
4.738740669481389465e-31
1.242236024844731168e-02
4.497567856187634165e-31
1.242236024844732556e-02
4.441743671852734666e-31
1.242236024844740883e-02
4.455323018872546505e-31
1.242236024844740709e-02
3.942783397330872581e-31
1.242236024844741923e-02
5.219110251846056268e-31
1.242236024844740189e-02
5.404125629735769867e-31
1.242236024844735331e-02
7.568283775066699520e-31
1.242236024844733250e-02
6.143397082180810159e-31
1.242236024844726658e-02
4.835949716445160497e-31
1.242236024844731862e-02
4.666298670488551819e-31
1.242236024844729780e-02
3.922108279947141985e-31
1.242236024844729433e-02
4.515735276487801853e-31
1.242236024844726311e-02
6.613781664220761257e-31
1.242236024844724229e-02
9.213146704129265146e-31
1.242236024844726658e-02
8.473529901811554542e-31
1.242236024844726658e-02
6.497620305810598390e-31
1.242236024844725964e-02
6.697409503047202219e-31
1.242236024844727699e-02
4.834289386595686567e-31
1.242236024844729607e-02
4.431854858050172991e-31
1.242236024844728913e-02
3.262613649707128958e-31
1.242236024844732209e-02
2.806257117251456770e-31
1.242236024844725617e-02
2.713477732243031336e-31
1.242236024844729607e-02
2.083790336373664545e-31
1.242236024844729086e-02
1.939417433130737268e-31
1.242236024844728046e-02
1.466864090481047824e-31
1.242236024844734291e-02
7.959779402115863225e-32
1.242236024844734811e-02
8.310077507311172654e-32
1.242236024844730821e-02
7.756372602590614047e-32
1.242236024844728046e-02
5.760773221287229342e-32
1.242236024844726311e-02
3.213331320023677325e-32
1.242236024844713474e-02
3.662167419542932824e-32
1.242236024844712086e-02
1.223727825456708189e-32
1.242236024844715382e-02
6.390842991592271069e-33
1.242236024844715209e-02
