2.366863904994368634e-02
1.567464134177078920e-14
2.366863904991233641e-02
6.269856544036545712e-14
2.366863904984960187e-02
1.410717723079540134e-13
2.366863904975553129e-02
2.507942620600132431e-13
2.366863904963011425e-02
3.918660342804332815e-13
2.366863904947340974e-02
5.642870895715463609e-13
2.366863904928525122e-02
7.680574274250271747e-13
2.366863904906577401e-02
1.003177048356705432e-12
2.366863904881492953e-02
1.269645952220797415e-12
2.366863904853278716e-02
1.567464139674751366e-12
2.366863904821933651e-02
1.896631609103969090e-12
2.366863904787445960e-02
2.257148361545770619e-12
2.366863904749826747e-02
2.649014397159265840e-12
2.366863904709075664e-02
3.072229714248349988e-12
2.366863904665186119e-02
3.526794314304374373e-12
2.366863904618165398e-02
4.012708196534774357e-12
2.366863904568002053e-02
4.529971361784022180e-12
2.366863904514706837e-02
5.078583810542274864e-12
2.366863904458274895e-02
5.658545541575913692e-12
2.366863904398711083e-02
6.269856556153398325e-12
2.366863904336013319e-02
2.765006740861424885e-11
2.629848782302981244e-03
2.514909129380843737e-10
2.922054199617435204e-04
2.266066263241818945e-09
3.246726859032405339e-05
2.039724527609964956e-08
3.607473993481467690e-06
1.835778564870668790e-07
4.008301493855461384e-07
1.652203357396866315e-06
4.453638893074817854e-08
1.486983286557541533e-05
4.948193329507642038e-09
1.338284984391030952e-04
5.495049731421669735e-10
1.204456488600160347e-03
6.076221633643637081e-11
1.084010840004322185e-02
6.461010716951841789e-12
2.439024390074336773e-02
5.831062171798310237e-12
2.439024390135713372e-02
5.233418680937904084e-12
2.439024390193856098e-02
4.668080242946238511e-12
2.439024390248779872e-02
4.135046858462251572e-12
2.439024390300463530e-02
3.634318527230950303e-12
2.439024390348925111e-02
3.165895249446180118e-12
2.439024390394151781e-02
2.729777026706724833e-12
2.439024390436141804e-02
2.325963857111192277e-12
2.439024390474905241e-02
1.954455741073533840e-12
2.439024390510433418e-02
1.615252678300100807e-12
2.439024390542735704e-02
1.308354670012016943e-12
2.439024390571808282e-02
1.033761714452243190e-12
2.439024390597657743e-02
7.914738126318637560e-13
2.439024390620270905e-02
5.814909641603372106e-13
2.439024390639652970e-02
4.038131694800017686e-13
2.439024390655800817e-02
2.584404283219397709e-13
2.439024390668727976e-02
1.453727409836649202e-13
2.439024390678414672e-02
6.461010715132293545e-14
2.439024390684872007e-02
1.615252679103618811e-14
2.439024390688111776e-02
