2.500000000000000000e+00 4.050931861870274621e-16
2.549999999999999822e+00 1.226026867389614001e-15
2.600000000000000089e+00 4.980274768821214316e-17
2.649999999999999911e+00 1.258854889662388873e-16
2.700000000000000178e+00 3.992700983455929808e-16
2.750000000000000000e+00 4.242446029785249742e-17
2.799999999999999822e+00 7.562652665258873627e-16
2.850000000000000089e+00 2.615481829089633776e-17
2.899999999999999911e+00 8.584187017256474209e-17
2.950000000000000178e+00 9.150144871049503487e-17
3.000000000000000000e+00 1.534741926404037235e-16
3.049999999999999822e+00 3.079784224084243202e-17
3.100000000000000089e+00 2.843444061925832985e-16
3.149999999999999911e+00 1.112687245873988162e-16
3.200000000000000178e+00 4.215671212024382479e-17
3.250000000000000000e+00 2.885121287141078540e-16
3.299999999999999822e+00 1.888711751039254338e-16
3.350000000000000089e+00 4.340854906588961625e-16
3.399999999999999911e+00 7.350214542813669385e-16
3.450000000000000178e+00 1.869632963224313427e-16
3.500000000000000000e+00 4.904652372947792455e-16
