-4.999939048292490362e+00
-4.999756196846644407e+00
-4.999451456692390217e+00
-4.999024846212514639e+00
-4.998476391142026465e+00
-4.997806124567254926e+00
-4.997014086924701282e+00
-4.996100325999614178e+00
-4.995064896924313658e+00
-4.993907862176222956e+00
-4.992629291575661377e+00
-4.991229262283324530e+00
-4.989707858797503448e+00
-4.988065172951005266e+00
-4.986301303907781701e+00
-4.984416358159251992e+00
-4.982410449520320306e+00
-4.980283699125078734e+00
-4.978036235422180766e+00
-4.975668194169884373e+00
-4.973179718430762009e+00
-4.970570958566052688e+00
-4.967842072229660566e+00
-4.964993224361792024e+00
-4.962024587182212620e+00
-4.958936340183117686e+00
-4.955728670121621882e+00
-4.952401771011838427e+00
-4.948955844116537328e+00
-4.945391097938411029e+00
-4.941707748210882656e+00
-4.937906017888494148e+00
-4.933986137136836980e+00
-4.929948343322039683e+00
-4.925792880999775747e+00
-4.921520001903817665e+00
-4.917129964934095376e+00
-4.912623036144275090e+00
-4.907999488728842508e+00
-4.903259603009681555e+00
-4.898403666422150415e+00
-4.893431973500630860e+00
-4.888344825863563337e+00
-4.883142532197952690e+00
-4.877825408243347205e+00
-4.872393776775263419e+00
-4.866847967588087798e+00
-4.861188317477411758e+00
-4.855415170221836441e+00
-4.849528876564201063e+00
-4.843529794192271254e+00
-4.837418287718856291e+00
-4.831194728661367677e+00
-4.824859495420816380e+00
-4.818412973260234544e+00
-4.811855554282539416e+00
-4.805187637407825285e+00
-4.798409628350084333e+00
-4.791521939593368806e+00
-4.784524990367374997e+00
-4.777419206622470327e+00
-4.770205021004145785e+00
-4.762882872826910585e+00
-4.755453208047627278e+00
-4.747916479238283749e+00
-4.740273145558206558e+00
-4.732523672725727160e+00
-4.724668532989299230e+00
-4.716708205098057327e+00
-4.708643174271852416e+00
-4.700473932170734059e+00
-4.692200976863908579e+00
-4.683824812798166981e+00
-4.675345950765791514e+00
-4.666764907871942647e+00
-4.658082207501540672e+00
-4.649298379285639271e+00
-4.640413959067299032e+00
-4.631429488866973365e+00
-4.622345516847411240e+00
-4.613162597278074983e+00
-4.603881290499101553e+00
-4.594502162884785079e+00
-4.585025786806619763e+00
-4.575452740595888912e+00
-4.565783608505816993e+00
-4.556018980673297136e+00
-4.546159453080189650e+00
-4.536205627514215522e+00
-4.526158111529445804e+00
-4.516017518406391318e+00
-4.505784467111718428e+00
-4.495459582257580244e+00
-4.485043494060587221e+00
-4.474536838300418928e+00
-4.463940256278091212e+00
-4.453254394773886737e+00
-4.442479906004959567e+00
-4.431617447582619107e+00
-4.420667682469314741e+00
-4.409631278935312260e+00
-4.398508910515095849e+00
-4.387301255963482305e+00
-4.376008999211475015e+00
-4.364632829321861252e+00
-4.353173440444553677e+00
-4.341631531771701802e+00
-4.330007807492576077e+00
-4.318302976748227273e+00
-4.306517753585938912e+00
-4.294652856913485195e+00
-4.282709010453191745e+00
-4.270686942695810728e+00
-4.258587386854236101e+00
-4.246411080817036776e+00
-4.234158767101851240e+00
-4.221831192808615185e+00
-4.209429109572655925e+00
-4.196953273517657124e+00
-4.184404445208492085e+00
-4.171783389603926473e+00
-4.159090876009229554e+00
-4.146327678028653096e+00
-4.133494573517818793e+00
-4.120592344536014195e+00
-4.107621777298376742e+00
-4.094583662128008505e+00
-4.081478793407992356e+00
-4.068307969533331736e+00
-4.055071992862812280e+00
-4.041771669670780831e+00
-4.028407810098858732e+00
-4.014981228107574296e+00
-4.001492741427930433e+00
-3.987943171512890572e+00
-3.974333343488808179e+00
-3.960664086106768345e+00
-3.946936231693869424e+00
-3.933150616104425623e+00
-3.919308078671095430e+00
-3.905409462155928768e+00
-3.891455612701346212e+00
-3.877447379781018277e+00
-3.863385616150672774e+00
-3.849271177798807564e+00
-3.835104923897310059e+00
-3.820887716751975471e+00
-3.806620421752929140e+00
-3.792303907324941381e+00
-3.777939044877622443e+00
-3.763526708755508210e+00
-3.749067776188022894e+00
-3.734563127239308500e+00
-3.720013644757925064e+00
-3.705420214326406114e+00
-3.690783724210678685e+00
-3.676105065309317688e+00
-3.661385131102658619e+00
-3.646624817601735291e+00
-3.631825023297051480e+00
-3.616986649107187812e+00
-3.602110598327214586e+00
-3.587197776576929620e+00
-3.572249091748904704e+00
-3.557265453956328205e+00
-3.542247775480666494e+00
-3.527196970719100211e+00
-3.512113956131766024e+00
-3.496999650188784781e+00
-3.481854973317069391e+00
-3.466680847846921321e+00
-3.451478197958397942e+00
-3.436247949627468490e+00
-3.420991030571935987e+00
-3.405708370197135348e+00
-3.390400899541410329e+00
-3.375069551221357322e+00
-3.359715259376844010e+00
-3.344338959615807738e+00
-3.328941588958822528e+00
-3.313524085783445816e+00
-3.298087389768350253e+00
-3.282632441837228576e+00
-3.267160184102500420e+00
-3.251671559808789969e+00
-3.236167513276217100e+00
-3.220648989843484689e+00
-3.205116935810764289e+00
-3.189572298382413074e+00
-3.174016025609494474e+00
-3.158449066332141619e+00
-3.142872370121750691e+00
-3.127286887223029055e+00
-3.111693568495895068e+00
-3.096093365357247329e+00
-3.080487229722622455e+00
-3.064876113947730740e+00
-3.049260970769910983e+00
-3.033642753249500945e+00
-3.018022414711136747e+00
-3.002400908685018521e+00
-2.986779188848119215e+00
-2.971158208965407610e+00
-2.955538922831052240e+00
-2.939922284209664394e+00
-2.924309246777581084e+00
-2.908700764064220845e+00
-2.893097789393532793e+00
-2.877501275825568694e+00
-2.861912176098197147e+00
-2.846331442569008718e+00
-2.830760027157423586e+00
-2.815198881287053645e+00
-2.799648955828347052e+00
-2.784111201041568950e+00
-2.768586566520149006e+00
-2.753076001134461048e+00
-2.737580452976080991e+00
-2.722100869302588766e+00
-2.706638196482983982e+00
-2.691193379943785491e+00
-2.675767364115905877e+00
-2.660361092382398596e+00
-2.644975507027175432e+00
-2.629611549184834640e+00
-2.614270158791726306e+00
-2.598952274538417040e+00
-2.583658833823752943e+00
-2.568390772710716252e+00
-2.553149025884338119e+00
-2.537934526611956176e+00
-2.522748206706153962e+00
-2.507590996490787205e+00
-2.492463824770578817e+00
-2.477367618804843463e+00
-2.462303304286032279e+00
-2.447271805323914418e+00
-2.432274044436394167e+00
-2.417310942548188457e+00
-2.402383418998840003e+00
-2.387492391561943705e+00
-2.372638776477862255e+00
-2.357823488502840625e+00
-2.343047440978174745e+00
-2.328311545924105275e+00
-2.313616714164460575e+00
-2.298963855489904340e+00
-2.284353878870104992e+00
-2.269787692728582496e+00
-2.255266205298823490e+00
-2.240790325087072432e+00
-2.226360961477172662e+00
-2.211979025527494258e+00
-2.197645431032157592e+00
-2.183361095953006981e+00
-2.169126944383204414e+00
-2.154943909292405646e+00
-2.140812936454601800e+00
-2.126734990226702315e+00
-2.112711062340766777e+00
-2.098742185843918140e+00
-2.084829458363090637e+00
-2.070974083560670920e+00
-2.057177451684987890e+00
-2.043441316091796356e+00
-2.029768256746337318e+00
-2.016163346574610049e+00
-2.002648208773606164e+00
-1.999953779915591312e+00
-1.999953586414872087e+00
-1.999815125030952601e+00
-1.999814366974877800e+00
-1.999584051376284810e+00
-1.999582399323741377e+00
-1.999260585463751072e+00
-1.999257763428345491e+00
-1.998844764112080341e+00
-1.998840549290447743e+00
-1.998336634382857913e+00
-1.998330851932188734e+00
-1.997736253708118026e+00
-1.997728773567797322e+00
-1.997043690300960073e+00
-1.997034430898918966e+00
-1.996259024078624877e+00
-1.996247967257261058e+00
-1.995382348809398909e+00
-1.995369573898702065e+00
-1.994413777960191592e+00
-1.994399535296308201e+00
-1.993353465087228882e+00
-1.993338347218376772e+00
-1.992201710829581307e+00
-1.992187097413543384e+00
-1.990960326223938148e+00
-1.990948732427168189e+00
-1.989680411501625112e+00
-1.989619806381887512e+00
-1.989111527397443568e+00
-1.988194273106142607e+00
-1.988114573365486359e+00
-1.986676904630459983e+00
-1.986619965092528028e+00
-1.985068426467874181e+00
-1.985016004473924234e+00
-1.983369141316112083e+00
-1.983318228110299675e+00
-1.981579341661551252e+00
-1.981530051361168887e+00
-1.979699529917371414e+00
-1.979654724660236509e+00
-1.977733046435207420e+00
-1.977702325496982105e+00
-1.975957346954084537e+00
-1.975663359395560592e+00
-1.975329882634399237e+00
-1.973514687605702367e+00
-1.973397703664855340e+00
-1.971275266198785570e+00
-1.971178629175882158e+00
-1.968946501226460644e+00
-1.968858894164224438e+00
-1.966529326445887182e+00
-1.966453574865103526e+00
-1.964033232519891481e+00
-1.963988520013243422e+00
-1.962353731462675555e+00
-1.961421217910977122e+00
-1.961177243223187538e+00
-1.958739302340975597e+00
-1.958590961852685552e+00
-1.955968618873842768e+00
-1.955841944210062744e+00
-1.953111243019200360e+00
-1.953006719200806485e+00
-1.950204513902185077e+00
-1.950138077153653615e+00
-1.948861596483120406e+00
-1.947125276951240158e+00
-1.946885907896146461e+00
-1.944007191224681019e+00
-1.943831166340514116e+00
-1.940802830786092947e+00
-1.940657217323068062e+00
-1.937526167154400625e+00
-1.937446756706755702e+00
-1.935661022091014649e+00
-1.934126383806478611e+00
-1.933816931764035019e+00
-1.930666582654744001e+00
-1.930452380322924544e+00
-1.927122000436451987e+00
-1.926951859942065637e+00
-1.923568358351166685e+00
-1.923457321377996854e+00
-1.922235897929992499e+00
-1.919767760016937164e+00
-1.919464714385753501e+00
-1.915971741562769726e+00
-1.915741196031696125e+00
-1.912097988446043617e+00
-1.911946855842855175e+00
-1.909404839545140398e+00
-1.908116545373190975e+00
-1.907670748302944252e+00
-1.904075119245569603e+00
-1.903790955738686730e+00
-1.899952627457013987e+00
-1.899747261440587254e+00
-1.896511684939450992e+00
-1.895725767075459256e+00
-1.895115456815716026e+00
-1.891444377129290810e+00
-1.891116326591212982e+00
-1.887080618167860324e+00
-1.886845336116305560e+00
-1.883484820017498951e+00
-1.882612505327013519e+00
-1.881974857003847923e+00
-1.878093260957673039e+00
-1.877738264601725326e+00
-1.873495432649942449e+00
-1.873259206421806322e+00
-1.870352430971477187e+00
-1.868791329692940595e+00
-1.868238089303798866e+00
-1.864036544987045296e+00
-1.863674673711034124e+00
-1.859228249564509605e+00
-1.859056025012028490e+00
-1.857188569821281776e+00
-1.854274089881679188e+00
-1.853789591135241555e+00
-1.849290840189197427e+00
-1.848950488482454135e+00
-1.844962982326102452e+00
-1.844201421635007998e+00
-1.843382220088772838e+00
-1.839076511719996754e+00
-1.838637252085338458e+00
-1.833890230401355570e+00
-1.833670983309637625e+00
-1.831641809914542396e+00
-1.828568014523488605e+00
-1.828023037022279196e+00
-1.823219432105336768e+00
-1.822853504899729638e+00
-1.819318768046848112e+00
-1.817767472489896896e+00
-1.817054744362716301e+00
-1.812277996065720487e+00
-1.811825570435626087e+00
-1.807178486640108606e+00
-1.806670869423797843e+00
-1.805602025039712677e+00
-1.801057423189767803e+00
-1.800535547833892247e+00
-1.795426902314869677e+00
-1.795220466243248492e+00
-1.793602532492143853e+00
-1.789562203245111061e+00
-1.788978220868996827e+00
-1.783747689827438032e+00
-1.783457383308062250e+00
-1.781355934037137656e+00
-1.777798244377871928e+00
-1.777159699887364441e+00
-1.771844070263528748e+00
-1.771489210533450320e+00
-1.769064083932522236e+00
-1.765772045152290470e+00
-1.765090839655900190e+00
-1.759688500862234717e+00
-1.759302598515088523e+00
-1.756779153270423333e+00
-1.753490428587202610e+00
-1.752782918398731127e+00
-1.747284810708900959e+00
-1.746899670387777492e+00
-1.744510282228648013e+00
-1.740960333807096028e+00
-1.740243939639799953e+00
-1.734644250110821906e+00
-1.734302565129250517e+00
-1.732243392170644603e+00
-1.728188785554519047e+00
-1.727478707197215302e+00
-1.721813914620660357e+00
-1.721554196314234009e+00
-1.719908529449132972e+00
-1.715183109775882730e+00
-1.714492796295105315e+00
-1.709119748451747967e+00
-1.708549073528249806e+00
-1.707302343452459015e+00
-1.701951368810954213e+00
-1.701298282818446861e+00
-1.696814157421786984e+00
-1.695228291308302770e+00
-1.694241905774892309e+00
-1.688503851326821126e+00
-1.687926858143846021e+00
-1.684714828115309260e+00
-1.681675828608921730e+00
-1.680817227897759336e+00
-1.674871342352837411e+00
-1.674497911839242015e+00
-1.672577245177975680e+00
-1.667913209376608918e+00
-1.667141028078241938e+00
-1.661793468797215123e+00
-1.660919092898060834e+00
-1.659723969853441838e+00
-1.653954440581188345e+00
-1.653291724806543961e+00
-1.649753499836125403e+00
-1.646879312816978080e+00
-1.645955106984055671e+00
-1.639849799810126907e+00
-1.639489320679208939e+00
-1.637702531976589437e+00
-1.632640014340965395e+00
-1.631848798706699410e+00
-1.627056975656724136e+00
-1.625426020757643641e+00
-1.624343091189933475e+00
-1.618235120212614619e+00
-1.617662262030454157e+00
-1.615242854374487003e+00
-1.610933264745597393e+00
-1.610062166058753963e+00
-1.604625899667674771e+00
-1.603585717908967201e+00
-1.602370694826233732e+00
-1.596280317786492597e+00
-1.595625397833484893e+00
-1.592900300166253391e+00
-1.588865858513239360e+00
-1.587952743182251547e+00
-1.582392325601588823e+00
-1.581403339851810586e+00
-1.580158042824809872e+00
-1.573993454855049157e+00
-1.573336291896114458e+00
-1.570784599592512931e+00
-1.566472711311680754e+00
-1.565556963198547535e+00
-1.560361350435271799e+00
-1.558917727171865497e+00
-1.557744049010683085e+00
-1.551415460211828190e+00
-1.550864266283055404e+00
-1.548871551205370345e+00
-1.543790566253908425e+00
-1.542912976896147148e+00
-1.538631608852269794e+00
-1.536153971923147843e+00
-1.535083188158366418e+00
-1.528743781293526061e+00
-1.528384909844635375e+00
-1.526877447602686511e+00
-1.520860501312579327e+00
-1.520089531382445180e+00
-1.517217614134890757e+00
-1.513147935819566969e+00
-1.512179114977115324e+00
-1.507105696997386168e+00
-1.505410440066932365e+00
-1.504245511933433033e+00
-1.497779899141800541e+00
-1.497388368908162404e+00
-1.495795604268569168e+00
-1.489946043445551815e+00
-1.489128066090797953e+00
-1.486141868970635604e+00
-1.482156483439414307e+00
-1.481169557756970345e+00
-1.476241003378613525e+00
-1.474349164202541695e+00
-1.473200402688841004e+00
-1.466773338087587364e+00
-1.466414391788929850e+00
-1.464941366336736550e+00
-1.458764766367564913e+00
-1.458022703117770380e+00
-1.455740797296456446e+00
-1.450919945581714554e+00
-1.449986124979478319e+00
-1.446104285564881797e+00
-1.443071972235871581e+00
-1.442016270188589244e+00
-1.436534997547548986e+00
-1.435208329304505037e+00
-1.433997983767581808e+00
-1.427512010787815644e+00
-1.427153965966094562e+00
-1.425691336407085341e+00
-1.419555017753491466e+00
-1.418810363163903521e+00
-1.416693279920444803e+00
-1.411686202742425289e+00
-1.410771720188791933e+00
-1.407399074395017546e+00
-1.403823963581817935e+00
-1.402810853056347451e+00
-1.398133322972540116e+00
-1.395962822627911493e+00
-1.394856437575424879e+00
-1.389016967677310976e+00
-1.388091906451138779e+00
-1.386851482968198157e+00
-1.380398980520297636e+00
-1.380033132650942962e+00
-1.378641286396010690e+00
-1.372485179231472729e+00
-1.371791819116714883e+00
-1.370023447818268458e+00
-1.364649756475259323e+00
-1.363795580411435449e+00
-1.361203002078390512e+00
-1.356834518471019102e+00
-1.355896937798206858e+00
-1.352392218407257873e+00
-1.349035873711127653e+00
-1.348039938504729696e+00
-1.343658087330929840e+00
-1.341253967142704617e+00
-1.340205747245093004e+00
-1.335029625314693602e+00
-1.333488560056732775e+00
-1.332382331556216881e+00
-1.326539200978583466e+00
-1.325733906687628583e+00
-1.324552159440298249e+00
-1.318282165385596727e+00
-1.317937181728437990e+00
-1.316679521841658929e+00
-1.310435014205586501e+00
-1.309979373026840088e+00
-1.308712951781126899e+00
-1.302751180218407079e+00
-1.302109749551243922e+00
-1.300655455463273213e+00
-1.295116665082381102e+00
-1.294371055053005648e+00
-1.292583878129710317e+00
-1.287520593913673350e+00
-1.286717416195299002e+00
-1.284560525560348943e+00
-1.279962588766314857e+00
-1.279125611607663693e+00
-1.276614563105991529e+00
-1.272444223178748501e+00
-1.271586801197783556e+00
-1.268758855416491693e+00
-1.264967663347063676e+00
-1.264098254221464490e+00
-1.260999613371837524e+00
-1.257535323696555629e+00
-1.256659915446285636e+00
-1.253340185772995774e+00
-1.250149751273894161e+00
-1.249273011844646897e+00
-1.245782580336257883e+00
-1.242813577688863136e+00
-1.241939435151464988e+00
-1.238328138931232836e+00
-1.235529494303886811e+00
-1.234661435410739028e+00
-1.230977873554869095e+00
-1.228300236309246340e+00
-1.227441451240650627e+00
-1.223732648682138935e+00
-1.221128571189737499e+00
-1.220282009898903786e+00
-1.216593280170148672e+00
-1.214017290965795137e+00
-1.213185671951589439e+00
-1.209560578773423156e+00
-1.206969208792399106e+00
-1.206155010696328578e+00
-1.202635353171542354e+00
-1.199987160041287249e+00
-1.199192620154440059e+00
-1.195818385182776833e+00
-1.193074006829698552e+00
-1.192301144976209537e+00
-1.189110389105543231e+00
-1.186232644201528963e+00
-1.185483326155228001e+00
-1.182511963056051219e+00
-1.179466006516910026e+00
-1.178742061608970770e+00
-1.176023531095904628e+00
-1.172777074099069727e+00
-1.172080493704932946e+00
-1.169645259294169071e+00
-1.166168882796092099e+00
-1.165502164596439183e+00
-1.163376898596137465e+00
-1.159644544297854019e+00
-1.159011353022306734e+00
-1.157217431441670330e+00
-1.153207300137301772e+00
-1.152613927332017951e+00
-1.151164164609045359e+00
-1.146860692586899155e+00
-1.146319817999457147e+00
-1.145210082893425740e+00
-1.140609270372483275e+00
-1.140150736335264314e+00
-1.139335420303888791e+00
-1.134463435557776734e+00
-1.134154460448303814e+00
-1.133488522628326667e+00
-1.128510942793920391e+00
-1.128304436250224141e+00
-1.127614743677668896e+00
-1.122926341744755030e+00
-1.122394412976108535e+00
-1.121752366845443660e+00
-1.117534222947454747e+00
-1.116549791895365296e+00
-1.115958017100588062e+00
-1.112278135270905688e+00
-1.110808001570299464e+00
-1.110257392461994286e+00
-1.107146073922612661e+00
-1.105176127985627366e+00
-1.104662219830948366e+00
-1.102133475571515087e+00
-1.099658352394394356e+00
-1.099180062366978294e+00
-1.097237500911694807e+00
-1.094258362296247178e+00
-1.093818571555761787e+00
-1.092454256030535253e+00
-1.088980163106527899e+00
-1.088592661031978048e+00
-1.087771731656059560e+00
-1.083831950692804025e+00
-1.083570147618669877e+00
-1.083120582717209235e+00
-1.078998433554497760e+00
-1.078766524994769549e+00
-1.078307145413649470e+00
-1.074642402323937818e+00
-1.073882476073232173e+00
-1.073474415712774688e+00
-1.070443947441344079e+00
-1.069118849085518352e+00
-1.068747927514991369e+00
-1.066372415288416420e+00
-1.064489749080523406e+00
-1.064150906687465481e+00
-1.062421631406609723e+00
-1.059999427347375400e+00
-1.059693087873114115e+00
-1.058587503435387323e+00
-1.055651929418309987e+00
-1.055391121867280235e+00
-1.054856407545489594e+00
-1.051472183638510582e+00
-1.051377891637136575e+00
-1.051076843254047377e+00
-1.047882274711393835e+00
-1.047381954283543637e+00
-1.047104168649705347e+00
-1.044521236891414295e+00
-1.043477385882345176e+00
-1.043231126604799774e+00
-1.041288630268769388e+00
-1.039724282216966111e+00
-1.039503971267833338e+00
-1.038177906625390889e+00
-1.036126616858027427e+00
-1.035932242913367274e+00
-1.035185608479219921e+00
-1.032688452410309710e+00
-1.032538698683689971e+00
-1.032291103185018821e+00
-1.029612631102310605e+00
-1.029401586510774846e+00
-1.029218666421921391e+00
-1.026973518136660157e+00
-1.026287608866403245e+00
-1.026132256890840422e+00
-1.024466685161979251e+00
-1.023336544358090849e+00
-1.023201381011702438e+00
-1.022082829046011998e+00
-1.020552636819462400e+00
-1.020436186159387804e+00
-1.019819912024543251e+00
-1.017938750970602380e+00
-1.017847659958631468e+00
-1.017669313367101314e+00
-1.015677986026536139e+00
-1.015492627606033427e+00
-1.015395400334046849e+00
-1.013776286763650614e+00
-1.013223438795156417e+00
-1.013143787672537544e+00
-1.012000950787468101e+00
-1.011128483153597157e+00
-1.011062444184951614e+00
-1.010348219080950738e+00
-1.009210079332183652e+00
-1.009156447022270697e+00
-1.008817257135020906e+00
-1.007470668513376078e+00
-1.007439961324973376e+00
-1.007394899509564956e+00
-1.006127121615635778e+00
-1.005908322605614247e+00
-1.005871829085947633e+00
-1.004962689114961227e+00
-1.004528187072505352e+00
-1.004500694706227826e+00
-1.003921218253769787e+00
-1.003329758356043211e+00
-1.003309712578056123e+00
-1.003002237345725245e+00
-1.002314075235945401e+00
-1.002300409459478292e+00
-1.002205544128961900e+00
-1.001532428474645853e+00
-1.001481823680298699e+00
-1.001472537165444265e+00
-1.000980602046228629e+00
-1.000833939645623394e+00
-1.000828832587455031e+00
-1.000551586540376459e+00
-1.000370766144363044e+00
-1.000368504928590419e+00
-1.000245151658567089e+00
-1.000092710401923490e+00
-1.000092145796477983e+00
-1.000061288360758471e+00
-3.936325061163548250e-16
3.984414383599462430e-17
1.000061288360758027e+00
1.000092145796477761e+00
1.000092710401922602e+00
1.000245151658567089e+00
1.000368504928589752e+00
1.000370766144362378e+00
1.000551586540376237e+00
1.000828832587454142e+00
1.000833939645623394e+00
1.000980602046228185e+00
1.001472537165444265e+00
1.001481823680299144e+00
1.001532428474645409e+00
1.002205544128961012e+00
1.002300409459477626e+00
1.002314075235945179e+00
1.003002237345725023e+00
1.003309712578055679e+00
1.003329758356043211e+00
1.003921218253769787e+00
1.004500694706227604e+00
1.004528187072505352e+00
1.004962689114961005e+00
1.005871829085947411e+00
1.005908322605614247e+00
1.006127121615635112e+00
1.007394899509564956e+00
1.007439961324974043e+00
1.007470668513376078e+00
1.008817257135020462e+00
1.009156447022270253e+00
1.009210079332183874e+00
1.010348219080950738e+00
1.011062444184951170e+00
1.011128483153596713e+00
1.012000950787467435e+00
1.013143787672537544e+00
1.013223438795156417e+00
1.013776286763649948e+00
1.015395400334046849e+00
1.015492627606033649e+00
1.015677986026535473e+00
1.017669313367100425e+00
1.017847659958630802e+00
1.017938750970602380e+00
1.019819912024542363e+00
1.020436186159387359e+00
1.020552636819462178e+00
1.022082829046011110e+00
1.023201381011701772e+00
1.023336544358090849e+00
1.024466685161978585e+00
1.026132256890839978e+00
1.026287608866403023e+00
1.026973518136659491e+00
1.029218666421920947e+00
1.029401586510774402e+00
1.029612631102310161e+00
1.032291103185018377e+00
1.032538698683689748e+00
1.032688452410309043e+00
1.035185608479219477e+00
1.035932242913366830e+00
1.036126616858026983e+00
1.038177906625390667e+00
1.039503971267833338e+00
1.039724282216965889e+00
1.041288630268769166e+00
1.043231126604799330e+00
1.043477385882344510e+00
1.044521236891414073e+00
1.047104168649704903e+00
1.047381954283542971e+00
1.047882274711392947e+00
1.051076843254046933e+00
1.051377891637135908e+00
1.051472183638510582e+00
1.054856407545489150e+00
1.055391121867280235e+00
1.055651929418309987e+00
1.058587503435386656e+00
1.059693087873113670e+00
1.059999427347374956e+00
1.062421631406609501e+00
1.064150906687464815e+00
1.064489749080522962e+00
1.066372415288415532e+00
1.068747927514991147e+00
1.069118849085518130e+00
1.070443947441343635e+00
1.073474415712774688e+00
1.073882476073231507e+00
1.074642402323937818e+00
1.078307145413649248e+00
1.078766524994768883e+00
1.078998433554497538e+00
1.083120582717208569e+00
1.083570147618669655e+00
1.083831950692803581e+00
1.087771731656059337e+00
1.088592661031977826e+00
1.088980163106527455e+00
1.092454256030535253e+00
1.093818571555761565e+00
1.094258362296246956e+00
1.097237500911695030e+00
1.099180062366978072e+00
1.099658352394394356e+00
1.102133475571514865e+00
1.104662219830948144e+00
1.105176127985626922e+00
1.107146073922612883e+00
1.110257392461994064e+00
1.110808001570299242e+00
1.112278135270905244e+00
1.115958017100587618e+00
1.116549791895365074e+00
1.117534222947454081e+00
1.121752366845443216e+00
1.122394412976107647e+00
1.122926341744754808e+00
1.127614743677668896e+00
1.128304436250223475e+00
1.128510942793919947e+00
1.133488522628326223e+00
1.134154460448303370e+00
1.134463435557776512e+00
1.139335420303888347e+00
1.140150736335264092e+00
1.140609270372482609e+00
1.145210082893425296e+00
1.146319817999456703e+00
1.146860692586898933e+00
1.151164164609044915e+00
1.152613927332017951e+00
1.153207300137301772e+00
1.157217431441669886e+00
1.159011353022306734e+00
1.159644544297853574e+00
1.163376898596137465e+00
1.165502164596439183e+00
1.166168882796091433e+00
1.169645259294168849e+00
1.172080493704932946e+00
1.172777074099069283e+00
1.176023531095904406e+00
1.178742061608970326e+00
1.179466006516909804e+00
1.182511963056050996e+00
1.185483326155227779e+00
1.186232644201528075e+00
1.189110389105542565e+00
1.192301144976209093e+00
1.193074006829697664e+00
1.195818385182776389e+00
1.199192620154439837e+00
1.199987160041287027e+00
1.202635353171541910e+00
1.206155010696328356e+00
1.206969208792398884e+00
1.209560578773423156e+00
1.213185671951589217e+00
1.214017290965794915e+00
1.216593280170148006e+00
1.220282009898903786e+00
1.221128571189737722e+00
1.223732648682138047e+00
1.227441451240650849e+00
1.228300236309246340e+00
1.230977873554869095e+00
1.234661435410739028e+00
1.235529494303886811e+00
1.238328138931232836e+00
1.241939435151464544e+00
1.242813577688862914e+00
1.245782580336257439e+00
1.249273011844646897e+00
1.250149751273894383e+00
1.253340185772995330e+00
1.256659915446285636e+00
1.257535323696555407e+00
1.260999613371837302e+00
1.264098254221464268e+00
1.264967663347063009e+00
1.268758855416491249e+00
1.271586801197783334e+00
1.272444223178748501e+00
1.276614563105991307e+00
1.279125611607663471e+00
1.279962588766314635e+00
1.284560525560348498e+00
1.286717416195299002e+00
1.287520593913672906e+00
1.292583878129710095e+00
1.294371055053005648e+00
1.295116665082380658e+00
1.300655455463272547e+00
1.302109749551243922e+00
1.302751180218406635e+00
1.308712951781126677e+00
1.309979373026839644e+00
1.310435014205586279e+00
1.316679521841658707e+00
1.317937181728437990e+00
1.318282165385596505e+00
1.324552159440298027e+00
1.325733906687628361e+00
1.326539200978583022e+00
1.332382331556216659e+00
1.333488560056732553e+00
1.335029625314693602e+00
1.340205747245093004e+00
1.341253967142704395e+00
1.343658087330929174e+00
1.348039938504729696e+00
1.349035873711127431e+00
1.352392218407257429e+00
1.355896937798206636e+00
1.356834518471018658e+00
1.361203002078390067e+00
1.363795580411435671e+00
1.364649756475259323e+00
1.370023447818268458e+00
1.371791819116714883e+00
1.372485179231472729e+00
1.378641286396010468e+00
1.380033132650943628e+00
1.380398980520298080e+00
1.386851482968197935e+00
1.388091906451139002e+00
1.389016967677310976e+00
1.394856437575424657e+00
1.395962822627911493e+00
1.398133322972539894e+00
1.402810853056347451e+00
1.403823963581818157e+00
1.407399074395016880e+00
1.410771720188792377e+00
1.411686202742425733e+00
1.416693279920444359e+00
1.418810363163903743e+00
1.419555017753491910e+00
1.425691336407085563e+00
1.427153965966095228e+00
1.427512010787815866e+00
1.433997983767581808e+00
1.435208329304505259e+00
1.436534997547548986e+00
1.442016270188589688e+00
1.443071972235871803e+00
1.446104285564881353e+00
1.449986124979478985e+00
1.450919945581714554e+00
1.455740797296456446e+00
1.458022703117770380e+00
1.458764766367565135e+00
1.464941366336736550e+00
1.466414391788930072e+00
1.466773338087587364e+00
1.473200402688841448e+00
1.474349164202541251e+00
1.476241003378613081e+00
1.481169557756970345e+00
1.482156483439414307e+00
1.486141868970634938e+00
1.489128066090797509e+00
1.489946043445551149e+00
1.495795604268568946e+00
1.497388368908162182e+00
1.497779899141800986e+00
1.504245511933433033e+00
1.505410440066932809e+00
1.507105696997385502e+00
1.512179114977115546e+00
1.513147935819566969e+00
1.517217614134890757e+00
1.520089531382445402e+00
1.520860501312578883e+00
1.526877447602686289e+00
1.528384909844635819e+00
1.528743781293526061e+00
1.535083188158365974e+00
1.536153971923147843e+00
1.538631608852269572e+00
1.542912976896147148e+00
1.543790566253908425e+00
1.548871551205369679e+00
1.550864266283055404e+00
1.551415460211827524e+00
1.557744049010683085e+00
1.558917727171864831e+00
1.560361350435271355e+00
1.565556963198547979e+00
1.566472711311680976e+00
1.570784599592512931e+00
1.573336291896114236e+00
1.573993454855048935e+00
1.580158042824809872e+00
1.581403339851809697e+00
1.582392325601588823e+00
1.587952743182251325e+00
1.588865858513239360e+00
1.592900300166254057e+00
1.595625397833484449e+00
1.596280317786492597e+00
1.602370694826233288e+00
1.603585717908966535e+00
1.604625899667674771e+00
1.610062166058754185e+00
1.610933264745597615e+00
1.615242854374486337e+00
1.617662262030454379e+00
1.618235120212614842e+00
1.624343091189933475e+00
1.625426020757643419e+00
1.627056975656723692e+00
1.631848798706698744e+00
1.632640014340965173e+00
1.637702531976588549e+00
1.639489320679210271e+00
1.639849799810126463e+00
1.645955106984055671e+00
1.646879312816977414e+00
1.649753499836125181e+00
1.653291724806543961e+00
1.653954440581188345e+00
1.659723969853441394e+00
1.660919092898060612e+00
1.661793468797215123e+00
1.667141028078242160e+00
1.667913209376609140e+00
1.672577245177975014e+00
1.674497911839241793e+00
1.674871342352837189e+00
1.680817227897759114e+00
1.681675828608921064e+00
1.684714828115308594e+00
1.687926858143846021e+00
1.688503851326821348e+00
1.694241905774892309e+00
1.695228291308302992e+00
1.696814157421786984e+00
1.701298282818446861e+00
1.701951368810954657e+00
1.707302343452458571e+00
1.708549073528249140e+00
1.709119748451747522e+00
1.714492796295105315e+00
1.715183109775883175e+00
1.719908529449132972e+00
1.721554196314233787e+00
1.721813914620660357e+00
1.727478707197215524e+00
1.728188785554518825e+00
1.732243392170644158e+00
1.734302565129250739e+00
1.734644250110821684e+00
1.740243939639800175e+00
1.740960333807095806e+00
1.744510282228647791e+00
1.746899670387777492e+00
1.747284810708900959e+00
1.752782918398731127e+00
1.753490428587202166e+00
1.756779153270422444e+00
1.759302598515088301e+00
1.759688500862234495e+00
1.765090839655900634e+00
1.765772045152290470e+00
1.769064083932522236e+00
1.771489210533450320e+00
1.771844070263528526e+00
1.777159699887365107e+00
1.777798244377871262e+00
1.781355934037137434e+00
1.783457383308062250e+00
1.783747689827437810e+00
1.788978220868996827e+00
1.789562203245110394e+00
1.793602532492143409e+00
1.795220466243247159e+00
1.795426902314869233e+00
1.800535547833892469e+00
1.801057423189767581e+00
1.805602025039712677e+00
1.806670869423796733e+00
1.807178486640108606e+00
1.811825570435626087e+00
1.812277996065719821e+00
1.817054744362716301e+00
1.817767472489896452e+00
1.819318768046847667e+00
1.822853504899729638e+00
1.823219432105336768e+00
1.828023037022279418e+00
1.828568014523488161e+00
1.831641809914541952e+00
1.833670983309638070e+00
1.833890230401355570e+00
1.838637252085339124e+00
1.839076511719996754e+00
1.843382220088773060e+00
1.844201421635007776e+00
1.844962982326102452e+00
1.848950488482454357e+00
1.849290840189197427e+00
1.853789591135241555e+00
1.854274089881679632e+00
1.857188569821281554e+00
1.859056025012029378e+00
1.859228249564509605e+00
1.863674673711034124e+00
1.864036544987045296e+00
1.868238089303798866e+00
1.868791329692940373e+00
1.870352430971476521e+00
1.873259206421807210e+00
1.873495432649942671e+00
1.877738264601725326e+00
1.878093260957672817e+00
1.881974857003847923e+00
1.882612505327012853e+00
1.883484820017499395e+00
1.886845336116305782e+00
1.887080618167860324e+00
1.891116326591212982e+00
1.891444377129289922e+00
1.895115456815716248e+00
1.895725767075458812e+00
1.896511684939450992e+00
1.899747261440587920e+00
1.899952627457013987e+00
1.903790955738686952e+00
1.904075119245569603e+00
1.907670748302944252e+00
1.908116545373191419e+00
1.909404839545139954e+00
1.911946855842855841e+00
1.912097988446043617e+00
1.915741196031696125e+00
1.915971741562769726e+00
1.919464714385753723e+00
1.919767760016937164e+00
1.922235897929992277e+00
1.923457321377997076e+00
1.923568358351166685e+00
1.926951859942065637e+00
1.927122000436451543e+00
1.930452380322924544e+00
1.930666582654744001e+00
1.933816931764035019e+00
1.934126383806478611e+00
1.935661022091013983e+00
1.937446756706756146e+00
1.937526167154400847e+00
1.940657217323068284e+00
1.940802830786093391e+00
1.943831166340514560e+00
1.944007191224681019e+00
1.946885907896146906e+00
1.947125276951241490e+00
1.948861596483119740e+00
1.950138077153653615e+00
1.950204513902185077e+00
1.953006719200806485e+00
1.953111243019200360e+00
1.955841944210062744e+00
1.955968618873842990e+00
1.958590961852685552e+00
1.958739302340975597e+00
1.961177243223187538e+00
1.961421217910976678e+00
1.962353731462674666e+00
1.963988520013243644e+00
1.964033232519891481e+00
1.966453574865104192e+00
1.966529326445887182e+00
1.968858894164224660e+00
1.968946501226460644e+00
1.971178629175882158e+00
1.971275266198785792e+00
1.973397703664855340e+00
1.973514687605702367e+00
1.975329882634399015e+00
1.975663359395560148e+00
1.975957346954084093e+00
1.977702325496981439e+00
1.977733046435207420e+00
1.979654724660236287e+00
1.979699529917371414e+00
1.981530051361169331e+00
1.981579341661551474e+00
1.983318228110299897e+00
1.983369141316112305e+00
1.985016004473923790e+00
1.985068426467873959e+00
1.986619965092528473e+00
1.986676904630459317e+00
1.988114573365487026e+00
1.988194273106142829e+00
1.989111527397442902e+00
1.989619806381886846e+00
1.989680411501625557e+00
1.990948732427168189e+00
1.990960326223938592e+00
1.992187097413543828e+00
1.992201710829581307e+00
1.993338347218377216e+00
1.993353465087228216e+00
1.994399535296308423e+00
1.994413777960191814e+00
1.995369573898702731e+00
1.995382348809398687e+00
1.996247967257260614e+00
1.996259024078624211e+00
1.997034430898919632e+00
1.997043690300959629e+00
1.997728773567797989e+00
1.997736253708117582e+00
1.998330851932189178e+00
1.998336634382857691e+00
1.998840549290448187e+00
1.998844764112080563e+00
1.999257763428345935e+00
1.999260585463751294e+00
1.999582399323741599e+00
1.999584051376284144e+00
1.999814366974878466e+00
1.999815125030952601e+00
1.999953586414872753e+00
1.999953779915591312e+00
2.002648208773605720e+00
2.016163346574609161e+00
2.029768256746336430e+00
2.043441316091795468e+00
2.057177451684987446e+00
2.070974083560670032e+00
2.084829458363089749e+00
2.098742185843917696e+00
2.112711062340765888e+00
2.126734990226700983e+00
2.140812936454600912e+00
2.154943909292404758e+00
2.169126944383203082e+00
2.183361095953006092e+00
2.197645431032156260e+00
2.211979025527493370e+00
2.226360961477171774e+00
2.240790325087071988e+00
2.255266205298822602e+00
2.269787692728581607e+00
2.284353878870104548e+00
2.298963855489904340e+00
2.313616714164459687e+00
2.328311545924104387e+00
2.343047440978174301e+00
2.357823488502840181e+00
2.372638776477861366e+00
2.387492391561943705e+00
2.402383418998839559e+00
2.417310942548187569e+00
2.432274044436393723e+00
2.447271805323913529e+00
2.462303304286031835e+00
2.477367618804843019e+00
2.492463824770578373e+00
2.507590996490786761e+00
2.522748206706153518e+00
2.537934526611955732e+00
2.553149025884337675e+00
2.568390772710715808e+00
2.583658833823752943e+00
2.598952274538417040e+00
2.614270158791725862e+00
2.629611549184834640e+00
2.644975507027174988e+00
2.660361092382398152e+00
2.675767364115905877e+00
2.691193379943785047e+00
2.706638196482983538e+00
2.722100869302588322e+00
2.737580452976080547e+00
2.753076001134461048e+00
2.768586566520148562e+00
2.784111201041568506e+00
2.799648955828346608e+00
2.815198881287052757e+00
2.830760027157423586e+00
2.846331442569008718e+00
2.861912176098196703e+00
2.877501275825567362e+00
2.893097789393532793e+00
2.908700764064219957e+00
2.924309246777580196e+00
2.939922284209663506e+00
2.955538922831052240e+00
2.971158208965407166e+00
2.986779188848118771e+00
3.002400908685017189e+00
3.018022414711136747e+00
3.033642753249499613e+00
3.049260970769909651e+00
3.064876113947729408e+00
3.080487229722621567e+00
3.096093365357246885e+00
3.111693568495893736e+00
3.127286887223028167e+00
3.142872370121750247e+00
3.158449066332140287e+00
3.174016025609493585e+00
3.189572298382413074e+00
3.205116935810763845e+00
3.220648989843484244e+00
3.236167513276217100e+00
3.251671559808789080e+00
3.267160184102499976e+00
3.282632441837228576e+00
3.298087389768349365e+00
3.313524085783445816e+00
3.328941588958821196e+00
3.344338959615807738e+00
3.359715259376843566e+00
3.375069551221356434e+00
3.390400899541409885e+00
3.405708370197134904e+00
3.420991030571935543e+00
3.436247949627468490e+00
3.451478197958397942e+00
3.466680847846920877e+00
3.481854973317069391e+00
3.496999650188784781e+00
3.512113956131765580e+00
3.527196970719099767e+00
3.542247775480666494e+00
3.557265453956328205e+00
3.572249091748903815e+00
3.587197776576929176e+00
3.602110598327213697e+00
3.616986649107187812e+00
3.631825023297052812e+00
3.646624817601733959e+00
3.661385131102658619e+00
3.676105065309317688e+00
3.690783724210678240e+00
3.705420214326405226e+00
3.720013644757924176e+00
3.734563127239308056e+00
3.749067776188022005e+00
3.763526708755508210e+00
3.777939044877621555e+00
3.792303907324940937e+00
3.806620421752929140e+00
3.820887716751975027e+00
3.835104923897310059e+00
3.849271177798807564e+00
3.863385616150672330e+00
3.877447379781018277e+00
3.891455612701345768e+00
3.905409462155928768e+00
3.919308078671094986e+00
3.933150616104425623e+00
3.946936231693869424e+00
3.960664086106768345e+00
3.974333343488808179e+00
3.987943171512890572e+00
4.001492741427929545e+00
4.014981228107574296e+00
4.028407810098858732e+00
4.041771669670780831e+00
4.055071992862812280e+00
4.068307969533331736e+00
4.081478793407992356e+00
4.094583662128008505e+00
4.107621777298376742e+00
4.120592344536014195e+00
4.133494573517819681e+00
4.146327678028653096e+00
4.159090876009229554e+00
4.171783389603926473e+00
4.184404445208490309e+00
4.196953273517657124e+00
4.209429109572655037e+00
4.221831192808614297e+00
4.234158767101851240e+00
4.246411080817036776e+00
4.258587386854236101e+00
4.270686942695810728e+00
4.282709010453191745e+00
4.294652856913486083e+00
4.306517753585938024e+00
4.318302976748226385e+00
4.330007807492576077e+00
4.341631531771701802e+00
4.353173440444552789e+00
4.364632829321861252e+00
4.376008999211475015e+00
4.387301255963482305e+00
4.398508910515095849e+00
4.409631278935313148e+00
4.420667682469314741e+00
4.431617447582619107e+00
4.442479906004959567e+00
4.453254394773884961e+00
4.463940256278090324e+00
4.474536838300418040e+00
4.485043494060587221e+00
4.495459582257580244e+00
4.505784467111717539e+00
4.516017518406391318e+00
4.526158111529444916e+00
4.536205627514215522e+00
4.546159453080189650e+00
4.556018980673297136e+00
4.565783608505816993e+00
4.575452740595888912e+00
4.585025786806619763e+00
4.594502162884785079e+00
4.603881290499101553e+00
4.613162597278074983e+00
4.622345516847410352e+00
4.631429488866973365e+00
4.640413959067298144e+00
4.649298379285640159e+00
4.658082207501541561e+00
4.666764907871942647e+00
4.675345950765791514e+00
4.683824812798166981e+00
4.692200976863908579e+00
4.700473932170734059e+00
4.708643174271853304e+00
4.716708205098057327e+00
4.724668532989298342e+00
4.732523672725728048e+00
4.740273145558205670e+00
4.747916479238283749e+00
4.755453208047628166e+00
4.762882872826910585e+00
4.770205021004145785e+00
4.777419206622470327e+00
4.784524990367374997e+00
4.791521939593368806e+00
4.798409628350083445e+00
4.805187637407824397e+00
4.811855554282539416e+00
4.818412973260235432e+00
4.824859495420816380e+00
4.831194728661367677e+00
4.837418287718854515e+00
4.843529794192270366e+00
4.849528876564201063e+00
4.855415170221836441e+00
4.861188317477412646e+00
4.866847967588087798e+00
4.872393776775264307e+00
4.877825408243347205e+00
4.883142532197952690e+00
4.888344825863563337e+00
4.893431973500630860e+00
4.898403666422151304e+00
4.903259603009681555e+00
4.907999488728841619e+00
4.912623036144275090e+00
4.917129964934095376e+00
4.921520001903818553e+00
4.925792880999775747e+00
4.929948343322038795e+00
4.933986137136836092e+00
4.937906017888493260e+00
4.941707748210882656e+00
4.945391097938410141e+00
4.948955844116537328e+00
4.952401771011837539e+00
4.955728670121622770e+00
4.958936340183117686e+00
4.962024587182212620e+00
4.964993224361792912e+00
4.967842072229660566e+00
4.970570958566052688e+00
4.973179718430762009e+00
4.975668194169884373e+00
4.978036235422180766e+00
4.980283699125078734e+00
4.982410449520320306e+00
4.984416358159250215e+00
4.986301303907779037e+00
4.988065172951005266e+00
4.989707858797502560e+00
4.991229262283323642e+00
4.992629291575660488e+00
4.993907862176222956e+00
4.995064896924312769e+00
4.996100325999614178e+00
4.997014086924700393e+00
4.997806124567254038e+00
4.998476391142025577e+00
4.999024846212515527e+00
4.999451456692390217e+00
4.999756196846643519e+00
4.999939048292489474e+00
