-4.999058795741575523e+00
-4.996236033036609570e+00
-4.991534262674241162e+00
-4.984957737830813862e+00
-4.976512416633824820e+00
-4.966205965311186965e+00
-4.954047761519410287e+00
-4.940048897372863124e+00
-4.924222181652675445e+00
-4.906582140658544589e+00
-4.887145017178479378e+00
-4.865928767087192242e+00
-4.842953053139044783e+00
-4.818239235591480707e+00
-4.791810359374597539e+00
-4.763691137607432680e+00
-4.733907931347854259e+00
-4.702488725547409487e+00
-4.669463101263138682e+00
-4.634862204253557216e+00
-4.598718710155029754e+00
-4.561066786497061543e+00
-4.521942051870311730e+00
-4.481381532608977203e+00
-4.439423617388994714e+00
-4.396108010174389236e+00
-4.351475681964724451e+00
-4.305568821805581869e+00
-4.258430787519613681e+00
-4.210106056596446322e+00
-4.160640177644432391e+00
-4.110079722755449971e+00
-4.058472241065924635e+00
-4.005866213714815771e+00
-3.952311010304887962e+00
-3.897856846871668335e+00
-3.842554745259809668e+00
-3.786456493705200543e+00
-3.729614608329227643e+00
-3.672082295174883271e+00
-3.613913412358237931e+00
-3.555162431877013862e+00
-3.495884400612883081e+00
-3.436134900086377453e+00
-3.375970004571937633e+00
-3.315446237252947181e+00
-3.254620524189507869e+00
-3.193550145981214339e+00
-3.132292687129916153e+00
-3.070905983241130066e+00
-3.009448066347162776e+00
-2.947977108793017997e+00
-2.886551366306065347e+00
-2.825229121088235651e+00
-2.764068626054966060e+00
-2.703128051752061278e+00
-2.642465438109256048e+00
-2.582138654226231012e+00
-2.522205371209286007e+00
-2.462723056474138250e+00
-2.403749004671926315e+00
-2.345340434765701865e+00
-2.287554716210852490e+00
-2.230449874161293256e+00
-2.174085786961079680e+00
-2.118527484358928348e+00
-2.063857410664345693e+00
-2.010282340410167734e+00
-1.999262654609127443e+00
-1.999250477654188174e+00
-1.997051971182359775e+00
-1.997006785982052612e+00
-1.993371962229020911e+00
-1.993279746184672296e+00
-1.988229267884252360e+00
-1.988082266911862517e+00
-1.981633352452155883e+00
-1.981431661151856538e+00
-1.973597854294610876e+00
-1.973361380819300237e+00
-1.964177091625696869e+00
-1.964000110056916881e+00
-1.957582732991422603e+00
-1.953227887869374957e+00
-1.952155112156063188e+00
-1.940963880242249529e+00
-1.940171507835352971e+00
-1.927329666334036018e+00
-1.926585011170717010e+00
-1.912426391664918457e+00
-1.911987480406851514e+00
-1.904772328557539085e+00
-1.896005177127388697e+00
-1.894396771329698748e+00
-1.878431490225168199e+00
-1.877160315541051006e+00
-1.859793134782640633e+00
-1.859182631354897808e+00
-1.852712537349775701e+00
-1.839489922913837505e+00
-1.837475948138768578e+00
-1.818294928360042473e+00
-1.816860165183074249e+00
-1.803932991913068884e+00
-1.795834550287899622e+00
-1.792983836333837067e+00
-1.772429520572243122e+00
-1.770492846806023035e+00
-1.755184492993550949e+00
-1.747839055202881298e+00
-1.744448194642913341e+00
-1.722438366358169270e+00
-1.720277175574691508e+00
-1.706785898648689237e+00
-1.695938368213384173e+00
-1.692497021365061638e+00
-1.668828435648347819e+00
-1.667093731331824813e+00
-1.658759973304231750e+00
-1.640602864876752776e+00
-1.637327833110002073e+00
-1.616240464727820125e+00
-1.611679230126239926e+00
-1.606948009654086906e+00
-1.582420893051065258e+00
-1.579858751127220406e+00
-1.569921583861487280e+00
-1.552308847211836484e+00
-1.548627229319795795e+00
-1.528960486524505002e+00
-1.521729031237308627e+00
-1.517154307858842532e+00
-1.491355260053888632e+00
-1.489900285543063418e+00
-1.483725237261581453e+00
-1.459803880337941617e+00
-1.456631662204124433e+00
-1.446484388381688690e+00
-1.428401577048048710e+00
-1.424585831507185762e+00
-1.409001443396789677e+00
-1.396957169096590734e+00
-1.392778994698589345e+00
-1.372753689944856914e+00
-1.365571472482610904e+00
-1.361118272064968826e+00
-1.338045544219034655e+00
-1.334352498654837627e+00
-1.329665523356775791e+00
-1.305046411131399298e+00
-1.303360059308287910e+00
-1.298552253739018614e+00
-1.273852721533247578e+00
-1.272607807823290971e+00
-1.268020095601138264e+00
-1.243981196586985360e+00
-1.242609429746024396e+00
-1.238399210703870823e+00
-1.215104235843198044e+00
-1.213800301510802537e+00
-1.209955049094355362e+00
-1.187357646957514890e+00
-1.186329768465489876e+00
-1.182788557059865076e+00
-1.161255871866573308e+00
-1.160104869102330127e+00
-1.156876114064379513e+00
-1.137332029656668686e+00
-1.134976522873787141e+00
-1.132241282847697983e+00
-1.115444853204230258e+00
-1.111319296836333459e+00
-1.109064977141201780e+00
-1.095482694142238644e+00
-1.089416253468795892e+00
-1.087592090197355255e+00
-1.077407389953572769e+00
-1.069486217157320063e+00
-1.068054527707996026e+00
-1.061208152291208240e+00
-1.051731155776931326e+00
-1.050664563093026249e+00
-1.046881503150429049e+00
-1.036342733461052878e+00
-1.035651577838772486e+00
-1.034388348746193564e+00
-1.024078933468065555e+00
-1.023459799940661163e+00
-1.022873360222275263e+00
-1.015382947587512463e+00
-1.013301625859826194e+00
-1.012983678151990086e+00
-1.008652712926021211e+00
-1.005944360857304209e+00
-1.005802822336715030e+00
-1.003846210908284187e+00
-1.001491005067186135e+00
-1.001455455514879578e+00
-1.000961668075277089e+00
-4.331262737725127391e-16
1.534741926404037235e-16
1.000961668075275979e+00
1.001455455514880244e+00
1.001491005067184803e+00
1.003846210908283076e+00
1.005802822336715474e+00
1.005944360857304209e+00
1.008652712926020545e+00
1.012983678151990530e+00
1.013301625859825750e+00
1.015382947587511797e+00
1.022873360222275929e+00
1.023459799940660941e+00
1.024078933468064445e+00
1.034388348746193120e+00
1.035651577838772708e+00
1.036342733461053101e+00
1.046881503150427939e+00
1.050664563093026249e+00
1.051731155776930660e+00
1.061208152291207130e+00
1.068054527707996249e+00
1.069486217157319619e+00
1.077407389953572103e+00
1.087592090197355699e+00
1.089416253468795448e+00
1.095482694142236868e+00
1.109064977141201780e+00
1.111319296836333681e+00
1.115444853204229592e+00
1.132241282847698649e+00
1.134976522873787363e+00
1.137332029656667354e+00
1.156876114064379735e+00
1.160104869102329461e+00
1.161255871866572864e+00
1.182788557059864853e+00
1.186329768465488543e+00
1.187357646957514223e+00
1.209955049094355584e+00
1.213800301510802093e+00
1.215104235843198266e+00
1.238399210703870823e+00
1.242609429746022842e+00
1.243981196586985360e+00
1.268020095601138042e+00
1.272607807823291859e+00
1.273852721533247356e+00
1.298552253739018392e+00
1.303360059308288132e+00
1.305046411131398409e+00
1.329665523356775791e+00
1.334352498654837182e+00
1.338045544219033767e+00
1.361118272064969270e+00
1.365571472482610682e+00
1.372753689944855582e+00
1.392778994698589567e+00
1.396957169096591178e+00
1.409001443396789233e+00
1.424585831507185762e+00
1.428401577048047821e+00
1.446484388381688024e+00
1.456631662204124433e+00
1.459803880337941395e+00
1.483725237261580787e+00
1.489900285543063641e+00
1.491355260053887521e+00
1.517154307858842532e+00
1.521729031237308183e+00
1.528960486524503670e+00
1.548627229319795573e+00
1.552308847211836040e+00
1.569921583861486392e+00
1.579858751127219518e+00
1.582420893051065036e+00
1.606948009654086906e+00
1.611679230126239259e+00
1.616240464727819459e+00
1.637327833110002073e+00
1.640602864876751443e+00
1.658759973304232194e+00
1.667093731331825035e+00
1.668828435648347597e+00
1.692497021365060972e+00
1.695938368213383507e+00
1.706785898648688571e+00
1.720277175574691508e+00
1.722438366358169048e+00
1.744448194642913119e+00
1.747839055202881520e+00
1.755184492993550061e+00
1.770492846806023257e+00
1.772429520572242678e+00
1.792983836333836400e+00
1.795834550287898956e+00
1.803932991913067552e+00
1.816860165183074027e+00
1.818294928360041807e+00
1.837475948138768578e+00
1.839489922913837283e+00
1.852712537349775479e+00
1.859182631354898474e+00
1.859793134782640189e+00
1.877160315541051006e+00
1.878431490225168643e+00
1.894396771329698748e+00
1.896005177127388031e+00
1.904772328557537531e+00
1.911987480406851514e+00
1.912426391664917791e+00
1.926585011170717232e+00
1.927329666334035574e+00
1.940171507835352749e+00
1.940963880242249529e+00
1.952155112156063632e+00
1.953227887869374957e+00
1.957582732991421715e+00
1.964000110056917547e+00
1.964177091625696869e+00
1.973361380819300237e+00
1.973597854294610654e+00
1.981431661151857426e+00
1.981633352452155883e+00
1.988082266911863183e+00
1.988229267884252804e+00
1.993279746184672963e+00
1.993371962229020911e+00
1.997006785982053279e+00
1.997051971182359775e+00
1.999250477654188396e+00
1.999262654609127887e+00
2.010282340410166846e+00
2.063857410664345693e+00
2.118527484358927904e+00
2.174085786961079680e+00
2.230449874161292811e+00
2.287554716210851602e+00
2.345340434765701865e+00
2.403749004671926759e+00
2.462723056474137806e+00
2.522205371209286007e+00
2.582138654226231012e+00
2.642465438109256493e+00
2.703128051752062611e+00
2.764068626054966060e+00
2.825229121088235651e+00
2.886551366306065347e+00
2.947977108793017997e+00
3.009448066347162332e+00
3.070905983241130066e+00
3.132292687129916153e+00
3.193550145981214339e+00
3.254620524189506980e+00
3.315446237252948070e+00
3.375970004571938965e+00
3.436134900086378341e+00
3.495884400612884413e+00
3.555162431877015194e+00
3.613913412358237043e+00
3.672082295174883271e+00
3.729614608329228975e+00
3.786456493705200543e+00
3.842554745259810556e+00
3.897856846871668335e+00
3.952311010304886185e+00
4.005866213714815771e+00
4.058472241065924635e+00
4.110079722755449971e+00
4.160640177644432391e+00
4.210106056596445434e+00
4.258430787519612792e+00
4.305568821805580981e+00
4.351475681964724451e+00
4.396108010174389236e+00
4.439423617388993826e+00
4.481381532608977203e+00
4.521942051870310841e+00
4.561066786497060654e+00
4.598718710155028866e+00
4.634862204253556328e+00
4.669463101263137794e+00
4.702488725547408599e+00
4.733907931347853371e+00
4.763691137607430903e+00
4.791810359374595762e+00
4.818239235591479819e+00
4.842953053139044783e+00
4.865928767087193130e+00
4.887145017178479378e+00
4.906582140658542812e+00
4.924222181652675445e+00
4.940048897372862235e+00
4.954047761519409399e+00
4.966205965311186965e+00
4.976512416633824820e+00
4.984957737830814750e+00
4.991534262674242051e+00
4.996236033036609570e+00
4.999058795741575523e+00
