-4.999759076782181566e+00
-4.999036363980564168e+00
-4.997832032148793679e+00
-4.996146365536558775e+00
-4.993979762079500340e+00
-4.991332733384076015e+00
-4.988205904706403793e+00
-4.984600014923829647e+00
-4.980515916497764373e+00
-4.975954575426096760e+00
-4.970917071183355240e+00
-4.965404596646561863e+00
-4.959418458004702934e+00
-4.952960074649562117e+00
-4.946030979045681342e+00
-4.938632816577110951e+00
-4.930767345368725962e+00
-4.922436436079793864e+00
-4.913642071667679190e+00
-4.904386347119525702e+00
-4.894671469149994181e+00
-4.884499755863159542e+00
-4.873873636376912621e+00
-4.862795650408277659e+00
-4.851268447818331886e+00
-4.839294788115506840e+00
-4.826877539916299753e+00
-4.814019680362577880e+00
-4.800724294494869149e+00
-4.786994574581222572e+00
-4.772833819401398614e+00
-4.758245433486341547e+00
-4.743232926313087461e+00
-4.727799911455396575e+00
-4.711950105690596580e+00
-4.695687328063286259e+00
-4.679015498906683668e+00
-4.661938638822582526e+00
-4.644460867620979982e+00
-4.626586403220607657e+00
-4.608319560511719537e+00
-4.589664750182584463e+00
-4.570626477511257058e+00
-4.551209341124317298e+00
-4.531418031724324003e+00
-4.511257330787856290e+00
-4.490732109236052594e+00
-4.469847326079644745e+00
-4.448608027040537038e+00
-4.427019343152010400e+00
-4.405086489339664624e+00
-4.382814762985241863e+00
-4.360209542475462108e+00
-4.337276285737974746e+00
-4.314020528766527640e+00
-4.290447884137392975e+00
-4.266564039519022522e+00
-4.242374756176807260e+00
-4.217885867474761241e+00
-4.193103277375754168e+00
-4.168032958941849664e+00
-4.142680952836117925e+00
-4.117053365827087141e+00
-4.091156369296892414e+00
-4.064996197753878882e+00
-4.038579147350298548e+00
-4.011911574405441883e+00
-3.984999893934366710e+00
-3.957850578182153356e+00
-3.930470155163362289e+00
-3.902865207206167142e+00
-3.875042369500418360e+00
-3.847008328648697351e+00
-3.818769821219183846e+00
-3.790333632299074385e+00
-3.761706594047045549e+00
-3.732895584243196563e+00
-3.703907524834768594e+00
-3.674749380475891058e+00
-3.645428157059533270e+00
-3.615950900239857102e+00
-3.586324693943162334e+00
-3.556556658865676734e+00
-3.526653950956506911e+00
-3.496623759884201377e+00
-3.466473307485482103e+00
-3.436209846194858031e+00
-3.405840657454073384e+00
-3.375373050100454186e+00
-3.344814358733537940e+00
-3.314171942059533027e+00
-3.283453181213472405e+00
-3.252665478059139748e+00
-3.221816253467172153e+00
-3.190912945571999337e+00
-3.159963008008602525e+00
-3.128973908130371573e+00
-3.097953125209677694e+00
-3.066908148623086028e+00
-3.035846476023547069e+00
-3.004775611502211508e+00
-2.973703063742985542e+00
-2.942636344173397145e+00
-2.911582965115809607e+00
-2.880550437943702580e+00
-2.849546271248375451e+00
-2.818577969022317831e+00
-2.787653028866533766e+00
-2.756778940230412811e+00
-2.725963182694446818e+00
-2.695213224308202093e+00
-2.664536519998881747e+00
-2.633940510069565200e+00
-2.603432618811388544e+00
-2.573020253260994483e+00
-2.542710802144418913e+00
-2.512511635062526505e+00
-2.482430101993160054e+00
-2.452473533214523993e+00
-2.422649239798249532e+00
-2.392964514887676142e+00
-2.363426636081976007e+00
-2.334042869416054877e+00
-2.304820475707741068e+00
-2.275766720529599940e+00
-2.246888889937761924e+00
-2.218194315747951784e+00
-2.189690417487028196e+00
-2.161384775391112179e+00
-2.133285266088908116e+00
-2.105400339180949487e+00
-2.077739661887740841e+00
-2.050315975480379471e+00
-2.023153084638984023e+00
-1.999815463080419020e+00
-1.999814993464439583e+00
-1.999262330829312040e+00
-1.999260410251962883e+00
-1.998344407391221766e+00
-1.998337172804984130e+00
-1.997100931165883830e+00
-1.997045550846534567e+00
-1.996354231574644311e+00
-1.995385828748549528e+00
-1.995286878787913443e+00
-1.993358720100224968e+00
-1.993286144994890874e+00
-1.990965135406601805e+00
-1.990889949653836144e+00
-1.988206155128442676e+00
-1.988122893303874594e+00
-1.985083052582860663e+00
-1.984990514193728295e+00
-1.981597370526736901e+00
-1.981497335000398818e+00
-1.977751328396938790e+00
-1.977651468906569177e+00
-1.973554744779008052e+00
-1.973482388746135019e+00
-1.969912949907903998e+00
-1.968968854430779292e+00
-1.968367111284591964e+00
-1.964051952537810841e+00
-1.963765593221790784e+00
-1.958779223653747570e+00
-1.958524683745007211e+00
-1.953156191468760072e+00
-1.952924240923856747e+00
-1.947200101617633239e+00
-1.947050703993663756e+00
-1.943095440929978324e+00
-1.940847848951955168e+00
-1.940197832065796435e+00
-1.934190222895122657e+00
-1.933762008594199555e+00
-1.927191229384719096e+00
-1.926829254720997087e+00
-1.919904058738849395e+00
-1.919715358850759168e+00
-1.916418982178152763e+00
-1.912161973046959895e+00
-1.911462492539973912e+00
-1.904165206268578103e+00
-1.903635410559529006e+00
-1.895856373076479695e+00
-1.895511859132204435e+00
-1.890607781441570712e+00
-1.887164945298670959e+00
-1.886221605608943808e+00
-1.878206080734149630e+00
-1.877546359865776449e+00
-1.868964298509079525e+00
-1.868605092713988780e+00
-1.864498483842740750e+00
-1.859311670743164502e+00
-1.858331587937438689e+00
-1.849428074276457501e+00
-1.848720205282465834e+00
-1.840268226963404086e+00
-1.839174035631145454e+00
-1.837290978027435573e+00
-1.828722254194984131e+00
-1.827780665476506972e+00
-1.818001118708700625e+00
-1.817528147771058089e+00
-1.813503211109128932e+00
-1.806860196664762608e+00
-1.805689731850484758e+00
-1.795547651345343665e+00
-1.794801223610208885e+00
-1.788941228083353874e+00
-1.783885875930429243e+00
-1.782496194980754955e+00
-1.772035718212509270e+00
-1.771135923330304340e+00
-1.764402899557579785e+00
-1.759850343824489460e+00
-1.758305532472255628e+00
-1.747493736486182003e+00
-1.746520846806491223e+00
-1.739953267167782425e+00
-1.734808708752992645e+00
-1.733211104788709767e+00
-1.721978874197109377e+00
-1.721039601218026682e+00
-1.715611898977128513e+00
-1.708816741108795112e+00
-1.707242647128601964e+00
-1.695596018236001257e+00
-1.694929192913041227e+00
-1.691214620575164584e+00
-1.681933676489125506e+00
-1.680429311756692856e+00
-1.669669136487948347e+00
-1.668098040536793114e+00
-1.665670328090822272e+00
-1.654228713843090448e+00
-1.652883078460101851e+00
-1.645607240987063458e+00
-1.640039947777971685e+00
-1.638158101275533740e+00
-1.625863731566121739e+00
-1.625140770366066523e+00
-1.621632127015749436e+00
-1.611228821355604968e+00
-1.609619099049127700e+00
-1.600639039871506242e+00
-1.596524566143108004e+00
-1.594401619574633333e+00
-1.581837109023406462e+00
-1.580928111569649186e+00
-1.577235496675323256e+00
-1.566787637362279773e+00
-1.565093349831913061e+00
-1.556640359033074406e+00
-1.551665573536311848e+00
-1.549547457890244617e+00
-1.536866477404978504e+00
-1.536178318627999806e+00
-1.533124657746599784e+00
-1.521192785845616458e+00
-1.519630826579005944e+00
-1.513757326157445959e+00
-1.505750757523458772e+00
-1.503797754708974477e+00
-1.493707242054461259e+00
-1.490221033581737409e+00
-1.487896711108300574e+00
-1.474961970857830762e+00
-1.474256775204894065e+00
-1.471225137967909102e+00
-1.459110939119089068e+00
-1.457556311551613026e+00
-1.452630296047959346e+00
-1.443418500531403748e+00
-1.441519127055225002e+00
-1.433515904993571066e+00
-1.427705761115840355e+00
-1.425581308379392231e+00
-1.414717691197964200e+00
-1.411965312896187319e+00
-1.409581272415670883e+00
-1.396769136134897060e+00
-1.396041321017333248e+00
-1.393271264914197394e+00
-1.380691639861240105e+00
-1.379435598377865224e+00
-1.376185730735622892e+00
-1.364998689478586380e+00
-1.363349983358934869e+00
-1.358653885050959076e+00
-1.349379741875257777e+00
-1.347556438643624510e+00
-1.341255775839191644e+00
-1.333834343025933844e+00
-1.331913035608525142e+00
-1.324174641547558817e+00
-1.318376702774642029e+00
-1.316392173061386783e+00
-1.307464770497338336e+00
-1.303023933349004349e+00
-1.300996403232128840e+00
-1.291147458477806653e+00
-1.287794403007208377e+00
-1.285739133479590901e+00
-1.275231755970277270e+00
-1.272707520928316294e+00
-1.270639825279943347e+00
-1.259719531030298656e+00
-1.257784123972641721e+00
-1.255722550253419278e+00
-1.244607563531203054e+00
-1.243047219595020847e+00
-1.241014404829566820e+00
-1.229891118147944162e+00
-1.228521966067438242e+00
-1.226542400078371564e+00
-1.215570366326393259e+00
-1.214233205755630207e+00
-1.212329664272060681e+00
-1.201655456470704264e+00
-1.200202327309726202e+00
-1.198393552775400162e+00
-1.188163807331336308e+00
-1.186448182209056457e+00
-1.184747428645326783e+00
-1.175112167739583935e+00
-1.172990790533611882e+00
-1.171404862201270047e+00
-1.162511701798473629e+00
-1.159852824823979667e+00
-1.158383013562451547e+00
-1.150368096276385366e+00
-1.147058746030408916e+00
-1.145703337852068460e+00
-1.138683668963375251e+00
-1.134633775631450847e+00
-1.133390475996632007e+00
-1.127459111749129050e+00
-1.122603407504631390e+00
-1.121471082142375453e+00
-1.116694165276863382e+00
-1.110993285632382754e+00
-1.109973819639017645e+00
-1.106386958260015652e+00
-1.099829370808020235e+00
-1.098932721784854127e+00
-1.096529980049554931e+00
-1.089139317389500539e+00
-1.088409708802551279e+00
-1.087085856685278795e+00
-1.078979601600597471e+00
-1.078651139675972370e+00
-1.077803408342452807e+00
-1.070083531553024603e+00
-1.069225126447028273e+00
-1.068432081852219051e+00
-1.062067516867784889e+00
-1.060100975526129252e+00
-1.059436015109895823e+00
-1.054563360819726903e+00
-1.051536284456052073e+00
-1.050974525300883089e+00
-1.047544224899024101e+00
-1.043560652053684867e+00
-1.043092942025647840e+00
-1.041002826798545611e+00
-1.036197847229926250e+00
-1.035829404869431203e+00
-1.034926065222418590e+00
-1.029525459511547281e+00
-1.029417496536387144e+00
-1.029046269527114088e+00
-1.024324767459464214e+00
-1.023379971922739218e+00
-1.023099411209497989e+00
-1.019701704028622258e+00
-1.017972311653899231e+00
-1.017760798371471376e+00
-1.015568511909753502e+00
-1.013250192097888913e+00
-1.013095922517361247e+00
-1.011920624480277864e+00
-1.009229097081372650e+00
-1.009125415252668745e+00
-1.008755193307926179e+00
-1.006092636685980812e+00
-1.005919575700899848e+00
-1.005844486361664236e+00
-1.003896933690613835e+00
-1.003336433942582318e+00
-1.003295753662666323e+00
-1.002191994007388232e+00
-1.001484890025923669e+00
-1.001466897061227934e+00
-1.000974253168219530e+00
-1.000371526438903258e+00
-1.000367032122923661e+00
-1.000243570441991636e+00
-1.593765753439825056e-15
-5.565824434442437428e-16
1.000243570441990748e+00
1.000367032122923439e+00
1.000371526438902814e+00
1.000974253168219086e+00
1.001466897061227490e+00
1.001484890025924113e+00
1.002191994007387121e+00
1.003295753662666101e+00
1.003336433942582318e+00
1.003896933690612503e+00
1.005844486361664014e+00
1.005919575700899626e+00
1.006092636685980146e+00
1.008755193307926179e+00
1.009125415252668523e+00
1.009229097081372206e+00
1.011920624480277642e+00
1.013095922517361247e+00
1.013250192097888913e+00
1.015568511909752614e+00
1.017760798371471376e+00
1.017972311653898787e+00
1.019701704028621814e+00
1.023099411209497989e+00
1.023379971922739440e+00
1.024324767459463770e+00
1.029046269527114088e+00
1.029417496536386700e+00
1.029525459511546837e+00
1.034926065222418368e+00
1.035829404869431203e+00
1.036197847229926250e+00
1.041002826798545167e+00
1.043092942025647840e+00
1.043560652053685311e+00
1.047544224899023435e+00
1.050974525300883089e+00
1.051536284456052073e+00
1.054563360819726237e+00
1.059436015109895823e+00
1.060100975526129252e+00
1.062067516867784223e+00
1.068432081852218829e+00
1.069225126447028495e+00
1.070083531553024603e+00
1.077803408342452807e+00
1.078651139675970816e+00
1.078979601600597471e+00
1.087085856685278129e+00
1.088409708802551501e+00
1.089139317389500539e+00
1.096529980049554265e+00
1.098932721784854127e+00
1.099829370808020013e+00
1.106386958260015430e+00
1.109973819639017201e+00
1.110993285632382310e+00
1.116694165276862716e+00
1.121471082142375453e+00
1.122603407504631168e+00
1.127459111749128606e+00
1.133390475996632007e+00
1.134633775631450847e+00
1.138683668963374807e+00
1.145703337852068460e+00
1.147058746030408916e+00
1.150368096276384478e+00
1.158383013562451547e+00
1.159852824823979223e+00
1.162511701798472963e+00
1.171404862201270491e+00
1.172990790533611882e+00
1.175112167739583491e+00
1.184747428645326783e+00
1.186448182209056679e+00
1.188163807331336308e+00
1.198393552775400384e+00
1.200202327309726202e+00
1.201655456470703598e+00
1.212329664272060681e+00
1.214233205755630429e+00
1.215570366326392815e+00
1.226542400078371342e+00
1.228521966067438465e+00
1.229891118147943940e+00
1.241014404829566375e+00
1.243047219595020625e+00
1.244607563531202610e+00
1.255722550253419278e+00
1.257784123972641277e+00
1.259719531030298434e+00
1.270639825279943347e+00
1.272707520928315406e+00
1.275231755970276826e+00
1.285739133479590901e+00
1.287794403007208155e+00
1.291147458477806431e+00
1.300996403232128840e+00
1.303023933349003682e+00
1.307464770497338780e+00
1.316392173061386783e+00
1.318376702774641585e+00
1.324174641547559261e+00
1.331913035608525364e+00
1.333834343025933622e+00
1.341255775839191422e+00
1.347556438643624732e+00
1.349379741875257110e+00
1.358653885050959076e+00
1.363349983358934869e+00
1.364998689478586380e+00
1.376185730735622670e+00
1.379435598377865002e+00
1.380691639861239661e+00
1.393271264914197394e+00
1.396041321017334136e+00
1.396769136134896838e+00
1.409581272415671327e+00
1.411965312896187319e+00
1.414717691197963756e+00
1.425581308379392453e+00
1.427705761115839467e+00
1.433515904993571066e+00
1.441519127055225669e+00
1.443418500531403748e+00
1.452630296047959790e+00
1.457556311551613026e+00
1.459110939119088624e+00
1.471225137967908658e+00
1.474256775204893399e+00
1.474961970857830762e+00
1.487896711108300574e+00
1.490221033581736965e+00
1.493707242054461259e+00
1.503797754708974921e+00
1.505750757523458994e+00
1.513757326157446403e+00
1.519630826579006388e+00
1.521192785845616458e+00
1.533124657746599784e+00
1.536178318628000028e+00
1.536866477404978282e+00
1.549547457890244395e+00
1.551665573536311182e+00
1.556640359033074184e+00
1.565093349831913061e+00
1.566787637362279773e+00
1.577235496675323034e+00
1.580928111569648742e+00
1.581837109023406462e+00
1.594401619574633333e+00
1.596524566143107560e+00
1.600639039871505576e+00
1.609619099049127255e+00
1.611228821355605412e+00
1.621632127015748992e+00
1.625140770366067633e+00
1.625863731566121073e+00
1.638158101275533740e+00
1.640039947777971241e+00
1.645607240987062792e+00
1.652883078460101851e+00
1.654228713843090892e+00
1.665670328090822272e+00
1.668098040536793780e+00
1.669669136487948347e+00
1.680429311756693078e+00
1.681933676489125506e+00
1.691214620575164584e+00
1.694929192913042781e+00
1.695596018236001701e+00
1.707242647128601964e+00
1.708816741108795112e+00
1.715611898977128069e+00
1.721039601218026682e+00
1.721978874197109377e+00
1.733211104788709545e+00
1.734808708752992645e+00
1.739953267167781759e+00
1.746520846806491223e+00
1.747493736486181781e+00
1.758305532472256072e+00
1.759850343824489238e+00
1.764402899557579563e+00
1.771135923330304340e+00
1.772035718212509048e+00
1.782496194980755400e+00
1.783885875930429243e+00
1.788941228083353874e+00
1.794801223610209107e+00
1.795547651345343887e+00
1.805689731850484758e+00
1.806860196664762164e+00
1.813503211109129376e+00
1.817528147771057867e+00
1.818001118708700403e+00
1.827780665476507638e+00
1.828722254194984131e+00
1.837290978027435795e+00
1.839174035631145454e+00
1.840268226963404308e+00
1.848720205282466278e+00
1.849428074276457723e+00
1.858331587937438911e+00
1.859311670743164502e+00
1.864498483842740528e+00
1.868605092713988114e+00
1.868964298509079081e+00
1.877546359865776449e+00
1.878206080734149408e+00
1.886221605608943364e+00
1.887164945298670959e+00
1.890607781441570268e+00
1.895511859132204435e+00
1.895856373076479473e+00
1.903635410559529673e+00
1.904165206268578103e+00
1.911462492539973912e+00
1.912161973046959673e+00
1.916418982178151653e+00
1.919715358850760500e+00
1.919904058738849395e+00
1.926829254720998197e+00
1.927191229384719318e+00
1.933762008594199333e+00
1.934190222895122657e+00
1.940197832065796879e+00
1.940847848951955612e+00
1.943095440929977213e+00
1.947050703993663978e+00
1.947200101617634349e+00
1.952924240923857413e+00
1.953156191468760294e+00
1.958524683745007211e+00
1.958779223653748236e+00
1.963765593221791228e+00
1.964051952537811285e+00
1.968367111284591964e+00
1.968968854430779292e+00
1.969912949907903554e+00
1.973482388746134131e+00
1.973554744779007608e+00
1.977651468906569843e+00
1.977751328396939456e+00
1.981497335000399262e+00
1.981597370526737567e+00
1.984990514193728961e+00
1.985083052582861107e+00
1.988122893303875927e+00
1.988206155128443564e+00
1.990889949653836144e+00
1.990965135406602471e+00
1.993286144994890874e+00
1.993358720100224968e+00
1.995286878787913443e+00
1.995385828748549528e+00
1.996354231574643645e+00
1.997045550846534567e+00
1.997100931165883830e+00
1.998337172804984130e+00
1.998344407391222433e+00
1.999260410251963549e+00
1.999262330829312484e+00
1.999814993464439361e+00
1.999815463080419686e+00
2.023153084638983135e+00
2.050315975480379915e+00
2.077739661887740397e+00
2.105400339180949043e+00
2.133285266088906784e+00
2.161384775391111734e+00
2.189690417487028196e+00
2.218194315747951340e+00
2.246888889937761480e+00
2.275766720529599052e+00
2.304820475707740624e+00
2.334042869416054877e+00
2.363426636081976007e+00
2.392964514887676142e+00
2.422649239798249532e+00
2.452473533214523549e+00
2.482430101993159610e+00
2.512511635062526505e+00
2.542710802144418025e+00
2.573020253260994483e+00
2.603432618811389432e+00
2.633940510069564755e+00
2.664536519998881747e+00
2.695213224308202093e+00
2.725963182694446374e+00
2.756778940230411923e+00
2.787653028866532434e+00
2.818577969022318275e+00
2.849546271248375451e+00
2.880550437943702580e+00
2.911582965115809163e+00
2.942636344173397145e+00
2.973703063742986430e+00
3.004775611502210175e+00
3.035846476023547069e+00
3.066908148623086472e+00
3.097953125209677694e+00
3.128973908130373349e+00
3.159963008008603857e+00
3.190912945571999781e+00
3.221816253467172153e+00
3.252665478059140636e+00
3.283453181213472849e+00
3.314171942059533471e+00
3.344814358733537496e+00
3.375373050100454186e+00
3.405840657454073384e+00
3.436209846194858919e+00
3.466473307485481214e+00
3.496623759884202265e+00
3.526653950956506911e+00
3.556556658865676734e+00
3.586324693943163222e+00
3.615950900239857102e+00
3.645428157059533270e+00
3.674749380475891058e+00
3.703907524834768594e+00
3.732895584243197007e+00
3.761706594047046437e+00
3.790333632299074829e+00
3.818769821219183846e+00
3.847008328648697795e+00
3.875042369500419692e+00
3.902865207206167142e+00
3.930470155163363177e+00
3.957850578182153356e+00
3.984999893934366710e+00
4.011911574405442771e+00
4.038579147350300325e+00
4.064996197753879770e+00
4.091156369296892414e+00
4.117053365827087141e+00
4.142680952836117925e+00
4.168032958941848776e+00
4.193103277375752391e+00
4.217885867474761241e+00
4.242374756176807260e+00
4.266564039519021634e+00
4.290447884137392975e+00
4.314020528766527640e+00
4.337276285737975634e+00
4.360209542475462996e+00
4.382814762985241863e+00
4.405086489339663736e+00
4.427019343152010400e+00
4.448608027040537038e+00
4.469847326079644745e+00
4.490732109236051706e+00
4.511257330787856290e+00
4.531418031724324003e+00
4.551209341124317298e+00
4.570626477511257946e+00
4.589664750182585351e+00
4.608319560511720425e+00
4.626586403220606769e+00
4.644460867620979982e+00
4.661938638822583414e+00
4.679015498906683668e+00
4.695687328063284482e+00
4.711950105690596580e+00
4.727799911455397464e+00
4.743232926313089237e+00
4.758245433486342435e+00
4.772833819401398614e+00
4.786994574581223461e+00
4.800724294494869149e+00
4.814019680362577880e+00
4.826877539916300641e+00
4.839294788115506840e+00
4.851268447818331886e+00
4.862795650408277659e+00
4.873873636376912621e+00
4.884499755863159542e+00
4.894671469149993293e+00
4.904386347119525702e+00
4.913642071667679190e+00
4.922436436079794753e+00
4.930767345368724186e+00
4.938632816577110951e+00
4.946030979045681342e+00
4.952960074649563005e+00
4.959418458004702046e+00
4.965404596646561863e+00
4.970917071183354352e+00
4.975954575426096760e+00
4.980515916497762596e+00
4.984600014923829647e+00
4.988205904706403793e+00
4.991332733384076015e+00
4.993979762079500340e+00
4.996146365536559664e+00
4.997832032148793679e+00
4.999036363980564168e+00
4.999759076782181566e+00
