4.446111370701298360e-01
7.598112503954267980e-26
4.940123745223667928e-02
8.446876098258563684e-25
5.489026383581858265e-03
7.772212971285601760e-24
6.098918203979808786e-04
7.011944862708140075e-23
6.776575782199791606e-05
6.312400439296246690e-22
7.529528646888449911e-06
5.681327885669535243e-21
8.366142940987438559e-07
5.113214563166237804e-20
9.295714378875720532e-08
4.601895202674122471e-19
1.032857153207579447e-08
4.141705540816930974e-18
1.147619059118908887e-09
3.727534804153216657e-17
1.275132287906333529e-10
3.354781336022138327e-16
1.416813653264660204e-11
3.019303205386497065e-15
1.574237392593462841e-12
2.717372890895348301e-14
1.749152658274435381e-13
2.445635601059070228e-13
1.943502954029562313e-14
2.201072041421996091e-12
2.159447724926500282e-15
1.980964837149273682e-11
2.399386368945213579e-16
1.782868353464579312e-10
2.665984834298647424e-17
1.604581518100434321e-09
2.962205371798595789e-18
1.444123366293429661e-08
3.291339071137901786e-19
1.299711029663040990e-07
3.657041199247326953e-20
1.169739926696827311e-06
4.063360313615493023e-21
1.052765934027049099e-05
4.514644585995184223e-22
9.474893406243627895e-05
5.014371059257450977e-23
8.527404065619206830e-04
5.552475928003425692e-24
7.674663659057276606e-03
7.569739359282349987e-25
1.964713896718663089e-02
4.843899886796920167e-25
1.964713896718665170e-02
4.447497931466807815e-25
1.964713896718662742e-02
4.067976822593311522e-25
1.964713896718660660e-02
3.705559895084934555e-25
1.964713896718662395e-02
3.360495030025060667e-25
1.964713896718661007e-02
3.032984755887551059e-25
1.964713896718660660e-02
2.722782328514866830e-25
1.964713896718661701e-02
2.428779468969826276e-25
1.964713896718663783e-02
2.151613556872349997e-25
1.964713896718663783e-02
1.890605114370813167e-25
1.964713896718663783e-02
1.647181295871358322e-25
1.964713896718664476e-02
1.419645197454836142e-25
1.964713896718664476e-02
1.209612618256057552e-25
1.964713896718663089e-02
1.016095342444031093e-25
1.964713896718658578e-02
8.391882871468726206e-26
1.964713896718658578e-02
6.798134420990777537e-26
1.964713896718663783e-02
5.369546717035309389e-26
1.964713896718663089e-02
4.110198241065798850e-26
1.964713896718663436e-02
3.018580571428144403e-26
1.964713896718664476e-02
2.096220769565335345e-26
1.964713896718662395e-02
1.342200451043243805e-26
1.964713896718657538e-02
7.534223961554359104e-27
1.964713896718654068e-02
3.351854972856339623e-27
1.964713896718648170e-02
8.380541573713191156e-28
1.964713896718650946e-02
