2.995778547072325747e-34
1.677804657933655905e-32
1.639080795433193054e-35
6.421726419350939111e-33
7.234518385664722491e-35
1.498061494586016211e-33
2.287065251446167051e-35
4.344183761615701780e-33
1.805168090876854795e-34
1.204261681240541425e-34
3.965722029993277948e-35
1.650143654159412318e-34
1.735785227923549772e-34
2.346633529986384899e-33
6.525980898864017661e-35
1.179233712603731160e-33
5.639161089318444697e-34
8.150862539730576983e-34
2.935542195019949276e-35
1.327828941071836978e-34
4.631823420928003629e-34
3.032850582289516034e-33
8.305676590617544116e-35
2.602760872476618260e-33
3.841153034667392919e-34
1.097146805174319347e-34
7.707212890324097624e-35
1.264678735917053999e-33
9.510764739382581431e-35
8.083607237975723373e-34
2.632126521705956634e-34
3.633815945187384487e-34
1.638645879835881889e-34
8.341025546433744984e-34
6.932845978239558437e-34
7.424256275156716730e-33
9.562708550712710789e-34
9.727220267801464274e-33
3.034156132153143549e-34
2.123771183007161940e-31
3.198327940343637946e-34
1.602769715389203714e-30
1.057728671237641416e-33
1.494787934954142555e-29
2.132262216170152046e-34
1.331558059389685354e-28
1.355915625804812946e-34
1.198171060479872970e-27
2.440584784403333941e-34
1.078454019040412810e-26
2.798662711993864049e-34
9.709463693963166202e-26
2.080045397196128428e-34
8.737769491646503628e-25
7.570667017566120872e-36
7.864218110451962289e-24
4.193736882455983080e-35
7.077781994260930716e-23
1.933085851778468621e-34
6.370001353604725145e-22
9.089161140546870838e-35
5.732999718287178808e-21
5.070556801023343950e-34
5.159701299771092882e-20
2.044702311184328091e-34
4.643730316182580585e-19
3.275665296639428247e-35
4.179357448302999198e-18
2.836888323534503763e-34
3.761421688067732232e-17
2.674831781811425612e-34
3.385279517129498998e-16
1.264061638408431186e-34
3.046751565479366486e-15
1.387968481772734788e-34
2.742076408871157354e-14
3.431559750280388748e-35
2.467868766896350105e-13
4.164837721331963376e-34
2.221081890439151584e-12
7.759513990818921455e-34
1.998973701199993529e-11
3.226345241387833762e-34
1.799076331119329684e-10
2.240296360986010665e-34
1.619168697993512850e-09
5.825993126340447522e-35
1.457251828197303900e-08
1.791355835821573947e-34
1.311526645376887678e-07
7.370131729182848516e-36
1.180373980839364770e-06
3.771236241341679997e-35
1.062336582755359662e-05
9.311875946809845209e-35
9.561029244798226797e-05
2.010380819553820141e-34
8.604926320318332560e-04
5.627433701812101197e-34
7.744433688286473175e-03
2.755615035658646028e-32
1.982575024201338118e-02
6.393333237539919755e-32
1.982575024201338465e-02
1.474226832675773649e-31
1.982575024201332914e-02
2.287165844829641383e-31
1.982575024201334649e-02
2.386565781452122190e-31
1.982575024201335342e-02
2.151454787435721588e-31
1.982575024201339506e-02
2.888114623273638963e-31
1.982575024201340547e-02
3.556418763670800112e-31
1.982575024201339853e-02
4.943425859112634437e-31
1.982575024201337424e-02
6.704807879462076844e-31
1.982575024201339159e-02
9.615146335475689063e-31
1.982575024201337771e-02
1.129875827259920169e-30
1.982575024201338465e-02
1.080853829408569511e-30
1.982575024201339159e-02
1.001426709804613696e-30
1.982575024201339853e-02
6.858681598668673625e-31
1.982575024201345404e-02
5.677136535144001562e-31
1.982575024201340894e-02
2.643713534297275068e-31
1.982575024201339506e-02
6.327609534327466196e-32
1.982575024201341241e-02
1.323350946842945883e-31
1.982575024201338465e-02
4.538503754350249738e-32
1.982575024201339506e-02
2.367372433890229541e-32
1.982575024201337771e-02
6.774760180468823441e-32
1.982575024201337077e-02
9.165498218607832249e-32
1.982575024201337771e-02
2.217108490440707245e-31
1.982575024201341934e-02
3.343521949285849777e-31
1.982575024201347139e-02
4.287989602220754630e-31
1.982575024201353731e-02
6.247945791291297763e-31
1.982575024201354771e-02
8.407403674718424629e-31
1.982575024201363445e-02
1.085286962461478232e-30
1.982575024201365527e-02
1.349930196906954738e-30
1.982575024201368996e-02
1.341458985149012085e-30
1.982575024201372466e-02
1.182543485820918211e-30
1.982575024201372466e-02
9.194391261453876388e-31
1.982575024201367955e-02
8.504389227553380337e-31
1.982575024201367608e-02
7.010144920125611018e-31
1.982575024201365527e-02
7.981181079719771132e-31
1.982575024201362057e-02
8.302125044681995738e-31
1.982575024201363792e-02
9.986916708736380264e-31
1.982575024201366221e-02
8.795120853437734989e-31
1.982575024201367955e-02
6.959624134968667424e-31
1.982575024201366221e-02
6.144184840724944399e-31
1.982575024201373853e-02
4.447503844655362886e-31
1.982575024201374894e-02
3.331709409314500627e-31
1.982575024201378017e-02
2.016311558998161657e-31
1.982575024201379404e-02
1.890355424207901283e-31
1.982575024201385303e-02
6.841253093367414536e-32
1.982575024201386343e-02
1.918952542321500119e-32
1.982575024201383221e-02
3.817152932599990619e-32
1.982575024201388425e-02
2.517234177292759792e-32
1.982575024201397446e-02
4.344693849088141067e-33
1.982575024201398139e-02
