5.000000000000000000e+00 9.930112689701268147e-01
1.263157894736842124e+01 9.427324114876440841e-01
2.026315789473684248e+01 9.286798557167467161e-01
2.789473684210526372e+01 9.767000119324391605e-01
3.552631578947368496e+01 9.055426146820891864e-01
4.315789473684210975e+01 6.825886686817734805e-01
5.078947368421052744e+01 6.065212362169637439e-01
5.842105263157894512e+01 7.239587614536856508e-01
6.605263157894736992e+01 7.003353036275566934e-01
7.368421052631579471e+01 5.478819953236160334e-01
8.131578947368421950e+01 4.987245156937556989e-01
8.894736842105263008e+01 4.420006817386143982e-01
9.657894736842105488e+01 1.851920546479217111e-01
1.042105263157894797e+02 3.336673576343676118e-01
1.118421052631578902e+02 6.570255272725858964e-01
1.194736842105263150e+02 6.837968878267535189e-01
1.271052631578947398e+02 4.889381659526021995e-01
1.347368421052631504e+02 5.818938715554616836e-01
1.423684210526315894e+02 8.308978163251672377e-01
1.500000000000000000e+02 8.389933062380279249e-01
