5.000000000000000000e+00 9.928208561950284672e-01
1.263157894736842124e+01 9.395843099696555845e-01
2.026315789473684248e+01 9.290663976987081352e-01
2.789473684210526372e+01 9.758337614258716375e-01
3.552631578947368496e+01 8.733159107712015201e-01
4.315789473684210975e+01 6.320603223440408591e-01
5.078947368421052744e+01 5.919493656576099161e-01
5.842105263157894512e+01 6.773620411676786190e-01
6.605263157894736992e+01 6.124842856810016611e-01
7.368421052631579471e+01 5.135212170351677319e-01
8.131578947368421950e+01 4.980907997445318536e-01
8.894736842105263008e+01 4.081080098889916519e-01
9.657894736842105488e+01 1.524275703078858679e-01
1.042105263157894797e+02 2.408904419215308068e-01
1.118421052631578902e+02 6.363506091567705525e-01
1.194736842105263150e+02 8.441038260166450202e-01
1.271052631578947398e+02 7.064664238914273309e-01
1.347368421052631504e+02 3.602325958769800329e-01
1.423684210526315894e+02 5.929722409675459716e-01
1.500000000000000000e+02 8.921493566342426629e-01
