5.000000000000000000e+00 9.928208561950384592e-01
1.263157894736842124e+01 9.395843099696603584e-01
2.026315789473684248e+01 9.290663976987076911e-01
2.789473684210526372e+01 9.758337614258679737e-01
3.552631578947368496e+01 8.733159107712188396e-01
4.315789473684210975e+01 6.320603223440462992e-01
5.078947368421052744e+01 5.919493656576173546e-01
5.842105263157894512e+01 6.773620411676809505e-01
6.605263157894736992e+01 6.124842856810175373e-01
7.368421052631579471e+01 5.135212170351847183e-01
8.131578947368421950e+01 4.980907997445357394e-01
8.894736842105263008e+01 4.081080098889826591e-01
9.657894736842105488e+01 1.524275703078900313e-01
1.042105263157894797e+02 2.408904419215386061e-01
1.118421052631578902e+02 6.363506091567847633e-01
1.194736842105263150e+02 8.441038260166369156e-01
1.271052631578947398e+02 7.064664238914503125e-01
1.347368421052631504e+02 3.602325958769750369e-01
1.423684210526315894e+02 5.929722409675577399e-01
1.500000000000000000e+02 8.921493566342624248e-01
