5.000000000000000000e+00 9.930129076824819601e-01
1.263157894736842124e+01 9.427643994435752628e-01
2.026315789473684248e+01 9.287030802208553482e-01
2.789473684210526372e+01 9.766680910825902284e-01
3.552631578947368496e+01 9.055975916946816806e-01
4.315789473684210975e+01 6.829446772605687332e-01
5.078947368421052744e+01 6.070469703834395769e-01
5.842105263157894512e+01 7.240593408930868780e-01
6.605263157894736992e+01 6.996755145208835014e-01
7.368421052631579471e+01 5.467296998307284994e-01
8.131578947368421950e+01 4.989676060258756984e-01
8.894736842105263008e+01 4.439788457133541644e-01
9.657894736842105488e+01 1.861889275047101111e-01
1.042105263157894797e+02 3.294510398183339572e-01
1.118421052631578902e+02 6.547719377277292363e-01
1.194736842105263150e+02 6.845120563338028541e-01
1.271052631578947398e+02 4.918157165850368662e-01
1.347368421052631504e+02 5.806823145094929250e-01
1.423684210526315894e+02 8.279572337659790726e-01
1.500000000000000000e+02 8.381881914984594673e-01
