5.000000000000000000e+00 9.929962704696251308e-01
1.263157894736842124e+01 9.424434627424621569e-01
2.026315789473684248e+01 9.284946841017464036e-01
2.789473684210526372e+01 9.769931095868166215e-01
3.552631578947368496e+01 9.048840079226243560e-01
4.315789473684210975e+01 6.791837281597473686e-01
5.078947368421052744e+01 6.022307522699622551e-01
5.842105263157894512e+01 7.237797351751299457e-01
6.605263157894736992e+01 7.065848260051127427e-01
7.368421052631579471e+01 5.581542116639740536e-01
8.131578947368421950e+01 4.977316188051869594e-01
8.894736842105263008e+01 4.276727998262516151e-01
9.657894736842105488e+01 1.836022687141991572e-01
1.042105263157894797e+02 3.694006091948102144e-01
1.118421052631578902e+02 6.786563641388707602e-01
1.194736842105263150e+02 6.828064535526351397e-01
1.271052631578947398e+02 4.647779020226558422e-01
1.347368421052631504e+02 5.870371020721628641e-01
1.423684210526315894e+02 8.565425249422375931e-01
1.500000000000000000e+02 8.510583569417168315e-01
