5.000000000000000000e+00 9.672355812801058939e-01
1.263157894736842124e+01 7.538092397602305095e-01
2.026315789473684248e+01 7.677279469147293423e-01
2.789473684210526372e+01 9.774053635248354244e-01
3.552631578947368496e+01 7.679509974406487638e-01
4.315789473684210975e+01 3.830964297580605749e-01
5.078947368421052744e+01 6.497980429933140067e-01
5.842105263157894512e+01 7.712615701133063162e-01
6.605263157894736992e+01 6.465932680313012382e-01
7.368421052631579471e+01 5.404412688053548131e-01
8.131578947368421950e+01 3.496205778207258086e-01
8.894736842105263008e+01 1.355487157022695344e-01
9.657894736842105488e+01 1.784455978306758173e-01
1.042105263157894797e+02 5.931886772404501573e-02
1.118421052631578902e+02 4.492869619821996396e-01
1.194736842105263150e+02 6.669121427169246719e-01
1.271052631578947398e+02 5.391320060693198801e-01
1.347368421052631504e+02 5.669778894470889341e-01
1.423684210526315894e+02 8.678610793071970253e-01
1.500000000000000000e+02 8.713540358216544934e-01
