1.000000000000000000e+00 0.000000000000000000e+00
1.147368421052631504e+01 0.000000000000000000e+00
2.194736842105263008e+01 0.000000000000000000e+00
3.242105263157894512e+01 0.000000000000000000e+00
4.289473684210526017e+01 0.000000000000000000e+00
5.336842105263157521e+01 0.000000000000000000e+00
6.384210526315789025e+01 0.000000000000000000e+00
7.431578947368420529e+01 0.000000000000000000e+00
8.478947368421052033e+01 0.000000000000000000e+00
9.526315789473683537e+01 0.000000000000000000e+00
1.057368421052631504e+02 0.000000000000000000e+00
1.162105263157894655e+02 0.000000000000000000e+00
1.266842105263157805e+02 0.000000000000000000e+00
1.371578947368420813e+02 0.000000000000000000e+00
1.476315789473684106e+02 0.000000000000000000e+00
1.581052631578947398e+02 0.000000000000000000e+00
1.685789473684210407e+02 0.000000000000000000e+00
1.790526315789473415e+02 0.000000000000000000e+00
1.895263157894736707e+02 0.000000000000000000e+00
2.000000000000000000e+02 0.000000000000000000e+00
