5.000000000000000000e+00 9.999999230647994564e-01 6.161487732725695347e-15
1.466666666666666607e+01 9.999933615317617708e-01 7.251380370846931953e-15
2.433333333333333215e+01 9.999132135728214799e-01 4.925197270614445475e-15
3.400000000000000000e+01 9.991934139608743548e-01 1.221962417665543841e-14
4.366666666666666430e+01 9.938845078688508528e-01 4.596482626349752464e-15
5.333333333333332860e+01 9.732536699737096564e-01 1.105692735928486926e-14
6.300000000000000000e+01 9.393237200106385743e-01 7.711379145001634167e-15
7.266666666666665719e+01 9.155932861530649003e-01 6.100031768547864372e-15
8.233333333333332860e+01 9.163605264651457638e-01 4.851241771822884787e-15
9.200000000000000000e+01 9.248929541798622811e-01 4.990388026207340357e-15
1.016666666666666572e+02 9.085818010971790093e-01 9.624806897703939936e-15
1.113333333333333286e+02 8.569539148164019293e-01 7.636652812975555961e-15
1.210000000000000000e+02 8.321948513136033787e-01 7.919263018710909253e-15
1.306666666666666572e+02 8.399449261772501396e-01 5.898563010762977191e-15
1.403333333333333144e+02 8.426830241507154984e-01 6.840956326483503918e-15
1.500000000000000000e+02 8.432499666732197197e-01 6.059832133403010371e-15
