5.000000000000000000e+00 9.929962699029727391e-01
1.466666666666666607e+01 9.812029691554978728e-01
2.433333333333333215e+01 8.562612256283512746e-01
3.400000000000000000e+01 9.517970693725993359e-01
4.366666666666666430e+01 6.342394995812163927e-01
5.333333333333332860e+01 8.470945504025729766e-01
6.300000000000000000e+01 5.026342201775544360e-01
7.266666666666665719e+01 6.126204758182989263e-01
8.233333333333332860e+01 4.651635242299441697e-01
9.200000000000000000e+01 4.346462090600056727e-01
1.016666666666666572e+02 3.845267677808322793e-01
1.113333333333333286e+02 6.118338628911926813e-01
1.210000000000000000e+02 3.673946414619010392e-01
1.306666666666666572e+02 8.319900788138556713e-01
1.403333333333333144e+02 5.915228233672461533e-01
1.500000000000000000e+02 8.510583580784785163e-01
