5.000000000000000000e+00 9.928208561410356570e-01
1.466666666666666607e+01 9.819001573376019421e-01
2.433333333333333215e+01 8.382805249929169422e-01
3.400000000000000000e+01 9.496303545303355076e-01
4.366666666666666430e+01 6.009350359583730539e-01
5.333333333333332860e+01 7.954544674155317185e-01
6.300000000000000000e+01 4.728786264765144631e-01
7.266666666666665719e+01 5.135965963794359990e-01
8.233333333333332860e+01 4.166430883686202957e-01
9.200000000000000000e+01 3.713941695734522819e-01
1.016666666666666572e+02 5.365698038291630834e-01
1.113333333333333286e+02 5.067101907209015099e-01
1.210000000000000000e+02 6.381026090292140074e-01
1.306666666666666572e+02 7.365931048097587031e-01
1.403333333333333144e+02 5.007397116658055536e-01
1.500000000000000000e+02 8.921493579652327588e-01
