5.000000000000000000e+00 9.930112683526786110e-01
1.466666666666666607e+01 9.811773298462457271e-01
2.433333333333333215e+01 8.577243023974410185e-01
3.400000000000000000e+01 9.512694592522646930e-01
4.366666666666666430e+01 6.383811361513723748e-01
5.333333333333332860e+01 8.446089821782524210e-01
6.300000000000000000e+01 5.090387998606629161e-01
7.266666666666665719e+01 6.019534025327413218e-01
8.233333333333332860e+01 4.762332986001821533e-01
9.200000000000000000e+01 4.061100704444884912e-01
1.016666666666666572e+02 4.047680508911326025e-01
1.113333333333333286e+02 5.841290885927338250e-01
1.210000000000000000e+02 3.946520023594309312e-01
1.306666666666666572e+02 8.094053290402030143e-01
1.403333333333333144e+02 6.015911853153547151e-01
1.500000000000000000e+02 8.389933076875522033e-01
